used_headers ['HTHG', 'HTAG', 'HS', 'AS', 'HST', 'AST', 'HC', 'AC', 'HR', 'AR']
Erro final considerado: 475.3901686407214
Confusion Matrix:
H | {'H': 466, 'D': 107, 'A': 15}
A | {'H': 12, 'D': 36, 'A': 255}
D | {'H': 63, 'D': 211, 'A': 49}
Parâmetros do resultado:  H
Recall: 0.7925170068027211 (466, 588)
Precision: 0.8613678373382625 (466, 541)
Parâmetros do resultado:  A
Recall: 0.8415841584158416 (255, 303)
Precision: 0.799373040752351 (255, 319)
Parâmetros do resultado:  D
Recall: 0.653250773993808 (211, 323)
Precision: 0.596045197740113 (211, 354)
acertou: 932
errou: 282
Acurácia: 76.77100494233937 1214
[[0.862329542072486, 0.018393144427954478, 0.44101857419358814, 0.05288190162422435, 0.905723656924822, 0.128880156019336, 0.9220948395113646, 0.5655663472323808, 0.1660410313390821, 0.13303529069629694, -15.907148233991254, -6.183067390745846, 18.30093447482553, 2.089138803462017, 8.550397873480287, 20.227640748363584, 0.8364347960319973, 0.9842560723946956, 0.9193457446411459], [0.5008187324576922, 0.6337611850171282, 0.45913492614265716, 0.45223473767793787, 0.31632788508269205, 0.421075402742597, 0.1653643837420875, 0.07216083082368985, 0.5325394911267717, 0.1547864935670048, 4.691996557293775, 11.90807551789752, 6.3450710592397925, 0.7368238813768038, 3.152138452779711, -9.966924342119057, 0.4903810320856127, 0.3626096852212658, 0.5314305972375], [0.9025123938010924, 0.06466962712320212, 0.6941789930737033, 0.03288873217066968, 0.05922538382923814, 0.8810506971124045, 0.7498088238203731, 0.39902907065633386, 0.5466912198312687, 0.6327363804594813, 3.4829834944713696, 10.326848945898695, -11.220241110951138, -5.1540714940758665, -4.32285174297833, -0.20326238216541515, 0.6207690539217686, 0.7484766573599745, 0.29940449882521747], [0.9436457539620337, 0.5107012009198278, 0.39158514296775915, 0.30977798262960565, 0.6859713011001466, 0.5422298151319227, 0.7353128941080211, 0.8299554578297003, 0.6604732972643457, 0.17419779162677207, 17.77525737664222, 10.26292125839089, -4.215787867416976, -17.543323031525897, 2.049039406159966, -2.518930282726691, 0.2769412472523717, 0.9068680970540584, 0.5572630046587558], [0.7129632969649128, 0.06689772133733751, 0.8516054708294443, 0.14475697097121476, 0.8273806297613389, 0.8753107854039768, 0.5727333467797541, 0.11873083041496246, 0.5043188358249008, 0.2547900701910185, -26.038681575052124, 0.29351389608543627, 1.5730025060708108, 3.8736900846022486, -18.351123502577753, 19.77908076271628, 0.47590469392351364, 0.6328871598585203, 0.40517596388959287], [0.5013098626633207, 0.5432795631906738, 0.8302770683100713, 0.297985004334417, 0.0942401764308406, 0.08140330189464506, 0.24134549734899546, 0.29608205644320396, 0.025318585608086974, 0.6295643225512857, 5.685416917789244, -5.464069029304844, 22.92875383508573, 16.579871589553655, 12.903287701762707, -4.23313191195761, 0.37818137352142567, 0.7000209062222592, 0.4609716397409207], [0.3893182536956349, 0.44719465128599534, 0.8312559579560113, 0.33477086050848026, 0.9910951396372973, 0.7126968352056575, 0.1517290060216634, 0.3745987338269604, 0.342625174762224, 0.4848484339965048, 12.708524164261366, 14.259379419552602, 8.74552007792565, -19.21920480338389, -14.356802348237187, -8.658513336761018, 0.1299740250164263, 0.8485902395182094, 0.8704259394786272], [0.425628367266936, 0.9068739188357234, 0.8580983055381113, 0.37971610068096306, 0.15921926356461769, 0.7863414700712292, 0.4747137749830109, 0.4178239141727438, 0.12576562618441933, 0.13935462050993974, -6.598643983944028, -15.260009272142874, -1.3256421092487123, 9.3916200211608, -1.5398725044531427, -0.0674915681238219, 0.5319502856549264, 0.5933283566817223, 0.4257966097831435], [0.70765104056439, 0.5516198926738038, 0.22431223498555763, 0.218880432256215, 0.07819047288114234, 0.8511456635376248, 0.2804584206671241, 0.6607389842797587, 0.26083097245003284, 0.5915109409076741, 6.385140316994117, 4.690367924171401, -7.313084858972031, -2.5648232246464446, 13.209993475490936, 4.381055155690538, 0.3004586101119806, 0.972665758439898, 0.35144569646320645], [0.6798770935004946, 0.9311078063997613, 0.49866464875982386, 0.48012236715711576, 0.9206088789773784, 0.4667198223809371, 0.0014350841239292311, 0.5730593100973376, 0.7027268277686863, 0.9512855714119517, -16.721080469310948, -14.211925710756573, 11.409155846713544, 14.279464290012548, -6.7642650598378165, 5.439180947638387, 0.318801424894561, 0.25301602270440016, 0.3980512038169459], [0.06735227640513353, 0.9537330076317209, 0.4434444584470236, 0.027881256047047054, 0.2787189875753371, 0.06080336741013881, 0.4959242105272059, 0.136577495391074, 0.7109804502521477, 0.37842410096646484, 0.6793953114716325, 0.16373413533823844, 0.4107601957913659, 0.49654614733341185, 0.9009421523243584, 0.2239152177974253, -5.385377538818384, -9.393763720478134, 4.999563815794041], [0.6905433159677669, 0.047787733485501804, 0.46007185754056046, 0.5144412200838288, 0.00508806134442874, 0.7855009288240922, 0.44745710308742304, 0.4201971229363981, 0.37609028396920774, 0.959365369832982, 0.15221746727441454, 0.4631462667024676, 0.37930819389996806, 0.8740716549522188, 0.29371071046236463, 0.3550379193548475, -8.57970241044642, 16.207439787272154, -0.8467643070247847], [0.2373715991264509, 0.07017808611351795, 0.21306860700542674, 0.060205425881498464, 0.47184396150169705, 0.31482433191486636, 0.050203652274875776, 0.16402738692658714, 0.6942975228287206, 0.6350658783061276, 0.35371450961597983, 0.9408579900171581, 0.492851083948737, 0.6810444865919937, 0.3003530778922525, 0.4149925619996898, 11.89843163170352, -4.956055935633293, -5.3821468859172406], [0.9199318237208202, 0.33881488016344974, 0.5842393242693695, 0.301637343545867, 0.049302725301834105, 0.7821626552802973, 0.1796048608955091, 0.9915126149824068, 0.3540755206134474, 0.6842712933371518, 0.08013161151637738, 0.7179107736354007, 0.7871892331585321, 0.45412163799464034, 0.6105483804405223, 0.3988470748390004, -10.07564583384165, 8.77706377410864, 0.5582888301029669], [0.20639925495128508, 0.4795301383393059, 0.9832911730227875, 0.4260689802677615, 0.03287802333330181, 0.15048348375686993, 0.36399417160733216, 0.1940460752880212, 0.5978496254395409, 0.8397380595837474, 0.02989314065535409, 0.46149632431512455, 0.9509441677866173, 0.7083459925234752, 0.8330876302356788, 0.7755052680744928, 0.09009141781005629, 9.924756725238144, -2.5813928771618366], [0.899695437883746, 0.6271059370222896, 0.33218229649053, 0.9579636145432656, 0.734536812650147, 0.9423300097339032, 0.9965961587892256, 0.8300518231667422, 0.9330919018269506, 0.5200263003844101, 0.9492471914084659, 0.04592913655690112, 0.31384864744619434, 0.9939986579115786, 0.977454233038123, 0.4769998153576154, 1.669934941435221, -15.411225767553503, 2.200346194778625], [0.6072954386929716, 0.972304542951984, 0.12271925005775708, 0.14344383942700456, 0.13899353453886565, 0.2646782200507706, 0.8298258917486868, 0.44370626125562784, 0.14573932173719317, 0.8501117768571371, 0.7380408650458785, 0.3224616746458965, 0.6799067253858219, 0.12939195269272774, 0.8675014251112144, 0.5915315409720105, 0.1954737447063708, 0.30561592450914166, 0.6804430713279741], [0.9228473316654169, 0.33660749234937715, 0.9835837889040533, 0.07554244285905232, 0.6022232829056094, 0.013212036965640772, 0.27452225481263626, 0.427740476186352, 0.7016701715015035, 0.4683833372008951, 0.4438057302207322, 0.9233804691995565, 0.004117321094315285, 0.7960561231595075, 0.5223112226600372, 0.26043154672570845, 0.8948409458448876, 0.048255779659105325, 0.9816880820781111], [0.6747095887803056, 0.7628405524784679, 0.4388669495441071, 0.26789441357854404, 0.632695503865847, 0.6963349854424834, 0.27241915807541617, 0.16724149966794422, 0.7872288381508342, 0.9956564293248421, 0.422210828113852, 0.7695695757949133, 0.8061050165374668, 0.5692568272386065, 0.14355985721377174, 0.2218955504010025, 0.6905436600561021, 0.07833870376313412, 0.2858213618374925]]