used_headers ['HTHG', 'HTAG', 'HST', 'AST', 'HC', 'AC', 'HR', 'AR']
Erro final considerado: 672.8154462847549
Confusion Matrix:
H | {'H': 474, 'D': 69, 'A': 45}
A | {'H': 27, 'D': 42, 'A': 234}
D | {'H': 128, 'D': 138, 'A': 57}
Parâmetros do resultado:  H
Recall: 0.8061224489795918 (474, 588)
Precision: 0.753577106518283 (474, 629)
Parâmetros do resultado:  A
Recall: 0.7722772277227723 (234, 303)
Precision: 0.6964285714285714 (234, 336)
Parâmetros do resultado:  D
Recall: 0.42724458204334365 (138, 323)
Precision: 0.5542168674698795 (138, 249)
acertou: 846
errou: 368
Acurácia: 69.68698517298188 1214
[[0.03220286907200043, 0.7183395978341608, 0.9206414090533126, 0.14854512934876074, 0.43561809559973086, 0.23837075034282884, 0.18710352624587578, 0.9650155020008911, -2.3500751130907647, 17.684389385170302, -5.130766673262322, -1.7014054605089792, 19.274236949987014, 0.7754351389929489, 0.5924062044014249, 0.25976563701920086], [0.0872728011863898, 0.8392485394655785, 0.846637002498731, 0.8244021491817911, 0.8988647017929986, 0.5327578175136733, 0.6685221620013736, 0.5018785494950969, 8.518518571512, 1.358584512092911, 5.781914635304965, -9.704334812609178, -1.120018766097915, 0.802524261180692, 0.22287183736647032, 0.02855720661793082], [0.6568863858001279, 0.24761834664865146, 0.9470913036834367, 0.48116676954529203, 0.9970801677512999, 0.8846001781359579, 0.4097849490301275, 0.1921950258431323, -8.962641960338182, -2.135152910765554, -5.2731287774239375, -4.416677040029708, 11.506657534214538, 0.8665720958021321, 0.6510841717892534, 0.6714801683670101], [0.92976739287503, 0.5450972776847021, 0.8322940202596929, 0.4848399218973195, 0.5424460610519087, 0.6415078053592265, 0.5543472141138024, 0.6252523218852923, 4.9185484519932565, 7.341288398100082, 6.345228447462989, -3.6854951283103405, 2.517350089375884, 0.679636216710174, 0.03474244676153515, 0.6381901547603925], [0.3319768039796199, 0.6589209522814091, 0.3066597480004679, 0.4027067957193504, 0.7781146466475344, 0.9346347619905976, 0.0626059136879692, 0.07450359951093866, -5.324652855311843, 2.0832445572435327, 0.9619576602484488, 4.5257996119167325, -7.9449741082511744, 0.6358277414935438, 0.026295440390273872, 0.052592623322440524], [0.004524726791693134, 0.30443187081866707, 0.9099628573531658, 0.5718420042872622, 0.09071283039164779, 0.7696050581375142, 0.487119733486978, 0.9368634695755825, -5.101547999954272, -1.3585471471610637, -0.5095793524228514, 1.4600567001908753, -6.879382660979549, 0.27364063650078696, 0.5073704464538489, 0.7616591791038423], [0.9460058653770366, 0.047204945292581235, 0.8919617975075708, 0.647087001832456, 0.9682029156759638, 0.4313225746482082, 0.8313583513069713, 0.9371985514208904, 2.878495521780121, -6.546907624585694, -1.615316217683367, -1.0279722306572183, 1.1990866010856704, 0.43456939128932504, 0.6638522187302992, 0.888028289069666], [0.24084375608561048, 0.009203543111587442, 0.08048022197786708, 0.789991404625418, 0.42793057444212934, 0.8012188131671274, 0.9168654843534751, 0.9876607334861122, -5.628836833258228, 9.166322553226198, -1.733341494318237, 2.650774922096935, -3.338882659863318, 0.8670022178267186, 0.470577412159388, 0.40699505158608784], [0.3189030378015776, 0.4386899699497375, 0.2707522939006537, 0.8021806549725267, 0.35003931653400044, 0.3395800930180324, 0.15721321591149984, 0.7714063552637909, 0.613436211815281, 0.19394247964118627, 0.7566861353346762, 0.30416050807660244, 0.08415404458137388, -4.027966821940855, 7.96311211841907, -7.6973622724453605], [0.11420805633387565, 0.9559603950087853, 0.8272433153121125, 0.3893598109408316, 0.5047881206585344, 0.0851148747260505, 0.7855666336508365, 0.1340173934284905, 0.9679519481342973, 0.41622276918416967, 0.1840264429478342, 0.3689093425509976, 0.023732848482107882, 3.868474506568022, 3.5164274509049562, -6.684698316383112], [0.47835438798647945, 0.62780683343649, 0.04641008652261258, 0.6067854984602499, 0.0175239734205469, 0.3997470374723794, 0.2499542581750388, 0.18513758791670487, 0.8432107281573884, 0.6731208329346402, 0.5797708896133676, 0.9017201239396446, 0.8952230949518201, -4.928324840575225, -0.8551053597392468, 5.026245355869179], [0.50255209414276, 0.49533798003382, 0.5926925934344933, 0.42973085833419056, 0.1490108879213069, 0.7382302264976868, 0.8691480064006353, 0.9928980973188011, 0.15304154262290703, 0.08532582386291565, 0.3370108051715549, 0.5357530815046387, 0.4516729047468244, -1.766356945317363, -5.62145103820975, 2.9545165225951524], [0.5252161425143067, 0.6326029685971789, 0.8030177291918126, 0.20068268829066105, 0.8238522690093419, 0.9505732756665614, 0.4434326792337767, 0.4858444406165816, 0.7272309587492327, 0.16027145345216842, 0.28846579546187145, 0.6009141075359486, 0.5847418869276632, -0.12077720744053212, -5.559736481378791, 2.54245793797448], [0.703776342567648, 0.3779292003355472, 0.8585989143144215, 0.6266791826691586, 0.4367740199421908, 0.9492591067998221, 0.8165163276157952, 0.23862937698150366, 0.5026224086893033, 0.978106106935157, 0.817518496119549, 0.6216694917975877, 0.1350558442907277, 0.5709189518200691, 0.7938542005763849, 0.10619330470667276], [0.44830191953103504, 0.6110849528594583, 0.7350898503076346, 0.7826463095218731, 0.4382141289820588, 0.03748447473056438, 0.2113511673192936, 0.26548751846936525, 0.6734522795284582, 0.23314596188425118, 0.9714425953082299, 0.1883741004803169, 0.6359399081953422, 0.5644979958007206, 0.48218908455108755, 0.9239096303971163], [0.001035637352159613, 0.08533169094316606, 0.1300312852186417, 0.07737407865208401, 0.7026867547782742, 0.19626604434860806, 0.6051988984169354, 0.36132053329818725, 0.5222736613978075, 0.8741166031036312, 0.8697954275916085, 0.4365283975446298, 0.33644267964340724, 0.5090883700068399, 0.63246304845977, 0.14450147637880417]]