used_headers ['HTHG', 'HTAG', 'HS', 'AS', 'HST', 'AST', 'HC', 'AC', 'HR', 'AR']
Erro final considerado: 528.1125465796555
Confusion Matrix:
H | {'H': 456, 'D': 114, 'A': 18}
A | {'H': 21, 'D': 42, 'A': 240}
D | {'H': 58, 'D': 209, 'A': 56}
Parâmetros do resultado:  H
Recall: 0.7755102040816326 (456, 588)
Precision: 0.8523364485981308 (456, 535)
Parâmetros do resultado:  A
Recall: 0.7920792079207921 (240, 303)
Precision: 0.7643312101910829 (240, 314)
Parâmetros do resultado:  D
Recall: 0.6470588235294118 (209, 323)
Precision: 0.5726027397260274 (209, 365)
acertou: 905
errou: 309
Acurácia: 74.54695222405272 1214
[[0.034258354601520824, 0.46803226166027334, 0.7723811433692406, 0.998861777063708, 0.6613372335521238, 0.47178706485263544, 0.8904631150207546, 0.8699948989812527, 0.9947844200010871, 0.14679698175552436, 8.25352390974075, -12.801890139620633, 15.857802312534705, 5.922041381910487, -19.29291888873182, 5.633666071567915, 0.6540509926829625, 0.018232335183367643, 0.797662834469044], [0.11749195707184334, 0.18752089852838794, 0.9371217156119127, 0.9770547880291199, 0.9416441763780405, 0.40913527613514267, 0.27744269049398307, 0.6638363770860375, 0.0802104033495954, 0.9658169617527597, -1.516814688413671, 7.8552604883507255, -4.382355810607088, -7.520563602285693, -1.3238629247567666, -9.575744763550654, 0.7001378306946412, 0.6223764446326697, 0.07893393230122314], [0.3166841096360494, 0.6105983411409514, 0.3586138367471189, 0.9645268231107254, 0.9987791780453656, 0.23070508981254056, 0.30258152687071604, 0.7524488995014096, 0.20522161691021457, 0.812533553579708, 7.409343613734527, 8.475693598140676, 3.4027251145571107, 0.271711813189378, 12.419442164930581, 3.8981182492577426, 0.21540864015655392, 0.930224144133194, 0.7948944478425621], [0.13334534107746443, 0.01312887218081471, 0.8513258896918131, 0.09919576185727674, 0.4314450174576743, 0.3860141314498081, 0.3051910625740264, 0.03574233139493721, 0.06119060499092688, 0.7164124664840101, -2.7309270702990935, -7.581904421970997, -16.357046505031374, -13.108742129524138, 2.6428185279378185, -10.422759563469741, 0.4795184166525197, 0.5422305790247531, 0.4431228062573068], [0.19566854144935497, 0.17330600686170805, 0.4383929859532546, 0.10760504360365597, 0.4649868497537386, 0.7553123563388997, 0.5937302024841283, 0.40467154969450037, 0.8655400125501991, 0.41431509483836515, 9.084723694540452, -24.147148535820357, 19.498161605642114, 6.842044043233602, -2.6663080354847004, -5.061216680266984, 0.7622192485931059, 0.2047110649963626, 0.396159741724881], [0.7283036756151704, 0.7612253688681936, 0.1668677175351052, 0.1587457836462054, 0.014803010751943124, 0.5223985215412846, 0.7533068136923298, 0.061776656927147955, 0.5467449859760054, 0.4178993374632567, 4.0038188471897636, 13.182842712922968, -7.417022668138323, -4.757295789690577, -21.267092365351917, -10.88006959609502, 0.7726329869684372, 0.5837321606727388, 0.41339044453350837], [0.08678527103962896, 0.7576936686820284, 0.3505939187645266, 0.5040524424686373, 0.8912570272161857, 0.19396753973057812, 0.5424558898985258, 0.8028739807431364, 0.06541321061420302, 0.40233415149660345, -10.165682194193968, 3.502507107139443, -9.91057920527651, 8.952713093480519, -9.309509383450315, -14.428968709292793, 0.8823711030945557, 0.9700360100453246, 0.6078997452362238], [0.32395394139518674, 0.7703480418448745, 0.3958825361270395, 0.39973662552299194, 0.24896995751061146, 0.5733861214288032, 0.7067716219858142, 0.6042539075146178, 0.06917830210302733, 0.1330527861991485, -7.438258013943607, -1.9570840326345995, 1.967670609251376, 0.5897050201428299, 1.0069243350805182, 11.099049480649699, 0.3897533031958794, 0.6513490804700843, 0.6376614756550391], [0.14234846599908124, 0.5331783941187466, 0.8267516925789454, 0.7225130074954799, 0.4382629777104555, 0.9242301310786472, 0.2166965659645762, 0.326371435396838, 0.5417220965253581, 0.6755147435357061, -4.37655892287089, -1.8528277623931577, -4.132110143391007, 0.5892372212721881, 7.461044857734161, 0.8109502118732914, 0.6605156574093006, 0.5034708718367925, 0.5580705427841669], [0.5931906278884546, 0.9793253634029132, 0.4565665247905596, 0.11002828508468954, 0.8727902205426185, 0.08287512897278826, 0.3481104672142501, 0.00914035052235862, 0.21458023673973536, 0.8072313004709449, 7.133838645772488, 6.8853249294475285, 6.830693925337002, 1.587307677054879, -11.263316418911161, 15.59955631567257, 0.6283446694815377, 0.2081378766143961, 0.8831442942377579], [0.7398066043979004, 0.4919177651856981, 0.6220038640193233, 0.9673024602374823, 0.11558715987202017, 0.851068337921238, 0.860194343063706, 0.4345522316154826, 0.7373640996602727, 0.8362114413711612, 0.8099172123987719, 0.7928088643701015, 0.7027271233019448, 0.3024502326219851, 0.7317852199454221, 0.4414821625838641, -0.8400441256662188, -6.18077530737742, 0.8648648889049116], [0.7098426764771187, 0.9532970464805651, 0.22758791684794877, 0.5225109221111056, 0.725779399406659, 0.8960834202676192, 0.9780106489930324, 0.5247987456821902, 0.39175626506483563, 0.15868682392900835, 0.7230916903416041, 0.10907281786983303, 0.07473386408254501, 0.17144313294327518, 0.440879978600195, 0.686335909339391, -3.338904218652289, 7.037169024592716, -2.354867322926062], [0.37324340461466454, 0.26645248246656106, 0.3913798931218614, 0.29770320390253024, 0.7144978909341203, 0.24691452679430792, 0.7081735437202077, 0.8225563339173779, 0.76620953160987, 0.07391418965438068, 0.7052701633654506, 0.3157277124415616, 0.17010443203084458, 0.4643297205860216, 0.3925164878396651, 0.06029254844975496, 3.6464584252008634, 8.192910886450306, -5.222102666216477], [0.5607431409204049, 0.4899394814343283, 0.3568958448555637, 0.5568441559964711, 0.7297306074874963, 0.07751476523817336, 0.31569187049092184, 0.7955590363606232, 0.8419709872132976, 0.31259475829896355, 0.004736373173156783, 0.9936373720314119, 0.3121131899355529, 0.21908568202797973, 0.40037440311527106, 0.06181192343233666, 0.04439234084797613, -6.77536869928704, 0.8230722853843432], [0.2759123408698999, 0.7325396485246896, 0.45214261517064713, 0.34523908224272815, 0.6359363685479119, 0.20218148834614003, 0.48244590804336707, 0.7202287733946352, 0.4503188222025303, 0.8595472224146283, 0.2772818399218562, 0.8495764986356569, 0.35181232818003016, 0.3403660463492669, 0.9968011146376384, 0.350670110985565, -10.165138760376577, 2.2026997560332937, 6.839457254233409], [0.9632192767399633, 0.16554272304358353, 0.08498722916499768, 0.23476944329339278, 0.48831639297685003, 0.20621498793087478, 0.4511300476344552, 0.9724640579000224, 0.9198892559613391, 0.5135832017552304, 0.020014646522569568, 0.1224404287826737, 0.8125758688838063, 0.8647877243406302, 0.6701552936278987, 0.8636657320729804, 13.995182652697823, -19.10387862854976, -6.744746169437186], [0.4141382531337243, 0.15290432202999782, 0.41086526370067133, 0.3353169734460657, 0.9162702498673907, 0.02917174949774215, 0.6191294486097524, 0.20299648231809608, 0.39968895593879894, 0.8073228519787979, 0.6525907729486491, 0.5816285637980787, 0.16931799842388318, 0.5332904668051617, 0.4057767908916794, 0.7808040155235099, 0.3826378310168461, 0.4868165150333571, 0.626693759560967], [0.7484202040901112, 0.549418655606146, 0.06900433838185438, 0.40269377577284027, 0.807899687968077, 0.9316523966783393, 0.7473623358093818, 0.9022117964553643, 0.7093240204461644, 0.5098984667428096, 0.3273732162145341, 0.10976211802942815, 0.9047246127813392, 0.7543765327605533, 0.029213259690304083, 0.44234131549208366, 0.7259569972512226, 0.6017774576139594, 0.09836874416717822], [0.43095002384257786, 0.9052882186278819, 0.202046134022684, 0.818515268776746, 0.14700674681566106, 0.3315757336045778, 0.07974794165426913, 0.2713963548169196, 0.4397558338468329, 0.6668179358282581, 0.20207831761089678, 0.4487593937015272, 0.6316923334853289, 0.07555626269058979, 0.18806914098571925, 0.5136119778136972, 0.4698022676251834, 0.6969648070880897, 0.3664846131004249]]