used_headers ['HTHG', 'HTAG', 'HS', 'AS', 'HST', 'AST', 'HF', 'AF', 'HC', 'AC', 'HY', 'AY', 'HR', 'AR']
Erro final considerado: 308.82312103423664
Confusion Matrix:
H | {'H': 510, 'D': 75, 'A': 3}
A | {'H': 12, 'D': 50, 'A': 241}
D | {'H': 32, 'D': 275, 'A': 16}
Parâmetros do resultado:  H
Recall: 0.8673469387755102 (510, 588)
Precision: 0.9205776173285198 (510, 554)
Parâmetros do resultado:  A
Recall: 0.7953795379537953 (241, 303)
Precision: 0.926923076923077 (241, 260)
Parâmetros do resultado:  D
Recall: 0.8513931888544891 (275, 323)
Precision: 0.6875 (275, 400)
acertou: 1026
errou: 188
Acurácia: 84.51400329489292 1214
[[0.19379712747044864, 0.8262566749045283, 0.8723819972488653, 0.09972497383072965, 0.00872134256770607, 0.8844682774164957, 0.6750658622730281, 0.3394010139740299, 0.43665388302890207, 0.9741043013153572, 0.13348722742555363, 0.36319680928930476, 0.40700304504942286, 0.1524832435768365, -12.303867525574157, -3.1052382139681294, 11.48393368392788, -3.355889854697671, 18.790260645789512, -13.045601810837882, -11.641263071983362, 13.789544925722451, 0.9012244115908713, 0.5022206038403388, 0.7397574675165373], [0.6699188178820042, 0.022773424929083297, 0.3071280221135698, 0.2855108239417502, 0.7462448943383286, 0.9595473340391318, 0.15481547679315977, 0.0033305177473333947, 0.8869094436236592, 0.5317237609751659, 0.7742259858529071, 0.07303165100840148, 0.017379912189262492, 0.01476656577592328, 3.5082093229644338, -7.583879178830117, 23.692570402939914, -0.9284091388960948, -7.871871395743813, -1.2282395068402425, -4.677975724629128, -1.581807296508954, 0.1824259683872943, 0.6441145403558514, 0.7519656344858119], [0.1561204363362323, 0.7888469311678968, 0.8923310842327838, 0.9803887137075119, 0.6887603778824537, 0.8130776617327419, 0.21151547136154214, 0.716081351522392, 0.5495442230607764, 0.3993911562335207, 0.8733149044388374, 0.48141320985560276, 0.7465100424583094, 0.4442396170315238, 1.3826938131022584, -3.100485088635959, 2.4518940464747394, -9.58160171725843, -3.7129968276247465, -11.49522920856381, 14.280409754947192, -5.001930536447619, 0.4029464134496572, 0.5862844977348518, 0.9137495554306829], [0.21095333691496898, 0.5632068557023475, 0.03971976411051048, 0.3680878599708024, 0.0999836763998867, 0.2745024996844778, 0.5448172428452763, 0.8643807844298365, 0.5517789702862298, 0.6216276744663933, 0.9724212265790156, 0.6263437128585129, 0.016957749745028505, 0.985981199708177, -3.706202533152866, -3.257685671330396, -13.750911500733617, -11.33807952006241, -19.10005857689313, 10.007201806416251, -1.9365853578693948, 3.8870244086730343, 0.9604081667875888, 0.29088103583818214, 0.7868832910399279], [0.13848499074202725, 0.7002885649658309, 0.4032223940453501, 0.3434698290177468, 0.6350345242330463, 0.7470851615555104, 0.2765267305053417, 0.895630258198053, 0.5989642796868729, 0.126877748732797, 0.7396448102947268, 0.5366732542458168, 0.627394306520524, 0.04634722755978793, -4.24860022933654, -7.821641898455944, -13.079991091655064, 2.5594032919196734, 25.9976238877813, -13.073114255303468, -3.172896090781461, 10.109182497402534, 0.4350993852540258, 0.11569430829745153, 0.7609901500951141], [0.9436785359230634, 0.7757663975368004, 0.6874525708806167, 0.9941568079825756, 0.3471158653086308, 0.7554579675181826, 0.9372650945551507, 0.08849789620196014, 0.35017284835091966, 0.7752534541541211, 0.5830845328264653, 0.03566957944790217, 0.386985685531145, 0.4384320237666822, -13.763721672822063, -7.9967767723453225, 4.103829156034847, 8.818334869887124, -14.571234434338434, 9.281810440268774, -16.002728357475185, -4.08071162033123, 0.8727581467992397, 0.9501424704185103, 0.26597006697331604], [0.2531565274096089, 0.07508903315480608, 0.5325567242041086, 0.39744815980593895, 0.8713268199600984, 0.3716379756323802, 0.5555194476985005, 0.9648463973643719, 0.5474469494614839, 0.21292203146073474, 0.8599384911356881, 0.1928457761857434, 0.3904395507425118, 0.59411530497842, 2.513265044519302, -3.8458849906886092, -1.2015170279757215, -3.5246257719601153, 13.855556492021224, 4.507202066234891, 3.407675763801142, -0.8753964027195117, 0.7270553167680597, 0.8236152169551649, 0.9459212676977196], [0.3750765323151811, 0.5690862970924471, 0.5776505880330803, 0.7155895778292578, 0.5775643237953358, 0.28543189634356736, 0.06651692027460476, 0.4167660902278556, 0.9859813803660504, 0.10143272601008713, 0.5020376715477981, 0.5634021720069065, 0.2802291663928834, 0.24689628083343884, 6.8245595391248415, 10.454163093887091, -1.6023077271980883, -14.43791487520075, -10.442808695930102, -14.959265057769178, -0.6820926319322986, 1.1300593722686973, 0.42215351161906756, 0.42621000431411926, 0.6181492711583929], [0.8902600580223591, 0.5263653424726323, 0.07519320843454591, 0.37101124242208705, 0.06325572792001954, 0.23145930042520424, 0.5924016532178202, 0.8717008577539174, 0.7208227342789678, 0.5590092389741684, 0.388736688647331, 0.19301143590073244, 0.22900192674919406, 0.9658878300492023, -3.639213105134776, -6.396422160888844, -12.559442882850444, 7.035265236701423, -4.339554880411158, 13.02383457506821, -10.591059235403486, -3.253105882341404, 0.5883114945567078, 0.20442573049389, 0.06457266017648189], [0.1217198086103829, 0.5181026105979227, 0.9944255044770192, 0.2935620100873262, 0.5537693125492121, 0.43229915980531153, 0.8616817659255037, 0.6435995054135454, 0.35552987895868293, 0.7553308522025152, 0.5270801348711475, 0.5320431199949076, 0.2794634144996391, 0.26809952606966203, 6.453085142176919, 3.111280796326693, 4.721318410978181, -2.0579674923898845, 2.5997134629135528, -6.495165957522344, -10.338124555796567, 0.05204947329744745, 0.02255354825601541, 0.44727244523494136, 0.7841157312474124], [0.5804837932295625, 0.4112580607310463, 0.5165155146917614, 0.4268524261046185, 0.9417623485485961, 0.29656478156971533, 0.4866920305724648, 0.2980334975037213, 0.5331815475432958, 0.21863400454169835, 0.39104341321029656, 0.5967947187894682, 0.8842632980989623, 0.6780112982627021, 5.787741099973053, 5.351632853959214, 13.559975422259521, -1.4766711177587415, -12.443432206739352, -1.3130331359885146, 0.7814325674194023, -1.4397169084931714, 0.7805828478378299, 0.5010470716725134, 0.2369950844483667], [0.42961975231666927, 0.43350093236847875, 0.5792021952139719, 0.3582669709832367, 0.5479893432783615, 0.24629326798988715, 0.9464958928578932, 0.06419311615717471, 0.13167837755946954, 0.27215084420977953, 0.21841417852740697, 0.8511879779908943, 0.6754195328406305, 0.42974875587217554, -1.932820244620725, 3.7317923332178844, -8.959277682464576, 15.753164524877649, 5.817038443420961, -14.941678029650177, 0.8440457096750479, -4.6710977180676805, 0.23928323991251288, 0.3406174488468473, 0.5231578011374526], [0.4903251766163741, 0.4096418034942563, 0.08324513762436236, 0.6389568858366803, 0.3651254478340171, 0.7355494309637661, 0.8832646582291201, 0.4924299549484604, 0.2978113620503354, 0.36243345312562913, 0.44244723666917163, 0.0030262917171390846, 0.5390119772213158, 0.5029730567680213, -0.4298423952054597, -2.791022910388123, -1.002976009974914, -2.5858876189664146, -6.686760382151728, 0.037306484872953884, 1.9771496025099438, -1.0919807100880732, 0.18078761452873404, 0.9327175300170387, 0.6289455825057977], [0.6474620142070282, 0.029492100764878182, 0.2971205425432092, 0.1364265603135193, 0.6180163778393987, 0.6661773206494527, 0.6202589240678369, 0.5045086097411084, 0.952531327259547, 0.9433415366748128, 0.8438658075022558, 0.976733119316118, 0.06564998720110726, 0.06481582884408588, 4.6403694056445355, 4.833142709244806, 8.553379945046592, -2.8894855566149165, 13.848522950454273, -4.121345443080902, -7.645432434024528, 2.5283370550060846, 0.17839981739963706, 0.9193721143873724, 0.4497337095516971], [0.6031544595444314, 0.797482224907312, 0.7989932792694336, 0.44415070397901335, 0.034901320437787486, 0.9919009466910989, 0.9312156083810664, 0.40812581120835123, 0.9739280244484377, 0.3635431183592499, 0.7503491399865008, 0.5056282245478497, 0.9886496700778937, 0.8295099615075269, 0.9511362514143966, 0.2980982347878055, 0.47477225165067716, 0.08942308389442577, 6.862927955675335e-05, 0.8720520682153209, 0.9948749309561403, 0.39418828264217076, -17.983669302775205, 5.251675883831078, 1.6762283207867732], [0.4462318148778798, 0.2315948366467555, 0.12489231632574405, 0.3414923705032942, 0.408634298158117, 0.4017019943661373, 0.8192493104287136, 0.06614113677502009, 0.5930675798931979, 0.9816415198470019, 0.10993910608529511, 0.14079576660276105, 0.7761510682370314, 0.7358489362746587, 0.5767767727050676, 0.6747920150100558, 0.04648501043704534, 0.6455545152617236, 0.3734510673641761, 0.2510577888402261, 0.186882002004767, 0.4196061573998978, 17.57611524492913, -16.764995578111392, -1.4629370842656317], [0.5840051058064589, 0.26507804866323115, 0.40310572687403334, 0.911729737969538, 0.7113300903222513, 0.9091219109029447, 0.8712326533137142, 0.18272699725260289, 0.12160941251045687, 0.30750031817597145, 0.1458910490710944, 0.34209166499764954, 0.4435155619457448, 0.9737176516951945, 0.972392333018822, 0.5697481126425211, 0.07851516188327379, 0.714972286102427, 0.548057751320648, 0.06389458978433848, 0.6375766569297061, 0.5339428197395959, -0.10085099478028564, 12.896831066226085, -9.21113578383231], [0.29781528539280455, 0.013402624641594585, 0.992550948866646, 0.947294690767664, 0.2574881182136458, 0.583070026659635, 0.5938211122685053, 0.4383500192411547, 0.9383100274010272, 0.5259363153240902, 0.6364646261218951, 0.6030193633590806, 0.5895237847075347, 0.3057754414163675, 0.059774376146879526, 0.2887751754290043, 0.7533967993917159, 0.664829808563432, 0.6492134094404606, 0.135093449217649, 0.5545695135664723, 0.7677149858917064, -22.62954782439097, -11.087006482877515, 8.704990715090462], [0.24556890299546452, 0.6042337521273243, 0.7836714408344508, 0.6858429829436554, 0.17330460428177796, 0.8021429859753954, 0.6304572903835455, 0.9637271926169789, 0.9562286971863735, 0.3119492027706232, 0.47126817501899076, 0.06670802828408273, 0.9446970095270795, 0.9778141727577968, 0.9678759140179496, 0.8956436826914428, 0.9102331661873392, 0.7764100726011253, 0.9528197363912669, 0.1777478786340797, 0.5995397168585982, 0.13473318251020416, 15.27341063015921, -0.34508612270830336, -6.4214669160860645], [0.002811851268471832, 0.6263574633272113, 0.9579839460480867, 0.27954171113519666, 0.539781072923356, 0.8993686673093187, 0.11103085644965893, 0.6529804418408073, 0.4197098786643142, 0.6444813688769456, 0.846900542394574, 0.26400419843482426, 0.9491929546974552, 0.7989416585099164, 0.2188162586526009, 0.10410169642957301, 0.12965399459106575, 0.8318009419358763, 0.12617429789728862, 0.27349291048376534, 0.8352322186235381, 0.07882624922450665, -5.45810589358428, 19.437467529410263, -5.024699636255214], [0.6970322720817094, 0.49609708943008257, 0.45790006738050726, 0.008968862973389391, 0.9070185750434646, 0.26851880059726907, 0.7958269827550444, 0.9110906953481954, 0.34924691929242657, 0.3582546367296955, 0.7714065502422086, 0.9319059963006863, 0.6338777393823516, 0.8085666911855848, 0.7919395979223048, 0.20828703751734867, 0.1720945385722331, 0.9801276470691218, 0.11899830150674806, 0.9986473633919163, 0.041110094414551934, 0.8214895644714865, -10.90458510476492, -12.412968978319718, 9.765510247469022], [0.6123730133987053, 0.41752196990108026, 0.34660772536428297, 0.42363433163020203, 0.20495026860366616, 0.8455929448354564, 0.7703120585397359, 0.14193263654667465, 0.44199334865541173, 0.9952680339967271, 0.191171293881079, 0.4191857938148581, 0.588440517584299, 0.00528315576114724, 0.13851185373294528, 0.7999973368240499, 0.5979713104661902, 0.6235152179505368, 0.18589582595251986, 0.45162031162285066, 0.5185176894707295, 0.8156222066260621, -0.45471141659319636, -17.96434499407408, 0.7536794251573072], [0.8107269401198691, 0.05628258266086017, 0.46745275644422946, 0.22971739881551523, 0.6542901926590978, 0.9566821238611257, 0.09362450398007793, 0.0005377653976694763, 0.88358099910485, 0.5474512688924867, 0.2869027177232427, 0.9086991486162754, 0.539020462480798, 0.38039994201393157, 0.9882568825207988, 0.5453057946307175, 0.8695721339870311, 0.47706857286192816, 0.08705057619391765, 0.25064523158818375, 0.7111209769158352, 0.3148836922032131, 0.955992515351503, 0.9125807858561392, 0.41828476201188025], [0.056242822706982776, 0.8757513123646846, 0.4241092234841346, 0.3144188189853696, 0.5973946557731098, 0.034110470185628405, 0.24641097041153825, 0.489470108400224, 0.5568177313616093, 0.9380159816461922, 0.05742708736565838, 0.9071342029802861, 0.01678211837177812, 0.8742558713561708, 0.3088766372154085, 0.5756279750321321, 0.17412288076347515, 0.7184937353409737, 0.9380275615701753, 0.2506268964119063, 0.465967396718437, 0.3649004549989908, 0.05004981403625641, 0.3814388734313665, 0.35415393820605867], [0.6456672223278076, 0.3231580368941811, 0.6911294078064275, 0.8673197275111797, 0.19816617042052753, 0.3685832170721335, 0.6176566955540237, 0.49415310916754895, 0.9245124322020922, 0.6256386160768926, 0.4143654699357511, 0.6526691624073125, 0.18430123390672293, 0.9755124025068259, 0.8001707344346861, 0.33963336163592817, 0.06321730506802914, 0.06076795383796596, 0.7438787400921562, 0.1304829542217243, 0.46724327386213826, 0.5696356346000121, 0.12100850767299987, 0.3790494507408879, 0.7047163421076846]]