used_headers ['HTHG', 'HTAG', 'HS', 'AS', 'HST', 'AST', 'HF', 'AF', 'HC', 'AC', 'HY', 'AY', 'HR', 'AR']
Erro final considerado: 165.21449468560536
Confusion Matrix:
H | {'H': 522, 'D': 59, 'A': 7}
A | {'H': 12, 'D': 30, 'A': 261}
D | {'H': 20, 'D': 260, 'A': 43}
Parâmetros do resultado:  H
Recall: 0.8877551020408163 (522, 588)
Precision: 0.9422382671480144 (522, 554)
Parâmetros do resultado:  A
Recall: 0.8613861386138614 (261, 303)
Precision: 0.8392282958199357 (261, 311)
Parâmetros do resultado:  D
Recall: 0.804953560371517 (260, 323)
Precision: 0.7449856733524355 (260, 349)
acertou: 1043
errou: 171
Acurácia: 85.91433278418451 1214
[[0.2712580893516947, 0.41235000543162437, 0.9796990370828053, 0.8620407037428728, 0.05367359391870985, 0.28143306269363155, 0.1901644160503243, 0.6927016414728527, 0.8401383744000332, 0.3715495242603952, 0.49056841587580347, 0.8785946783881643, 0.7509649573827382, 0.1515389406964882, -0.4924152766610601, 15.94004777522883, 21.157840361459563, -11.582078551255224, -13.05455587041214, 1.8612652732420392, 16.533417596595392, 8.560499955941438, 0.08899527271214758, 0.3018786945495351, 0.020156427655516063], [0.44907501178411213, 0.2768781937779563, 0.995503831391311, 0.22624652817520396, 0.5410512227949494, 0.6691977700256401, 0.09832689963276753, 0.3810434873808536, 0.7030108991112907, 0.6287657390628414, 0.5155322289236861, 0.38982313122800505, 0.776110781140526, 0.81285224701785, 9.92561231630475, 0.6222170768461939, -12.57352820878717, -5.400494994781142, 4.500590329221469, -9.657467967389117, 7.481477112234478, -15.337163607732622, 0.039886697627002254, 0.48315362956776464, 0.3664277225242396], [0.5760354340346427, 0.17466331151591363, 0.7280999348802496, 0.5745966381238464, 0.9404357856208166, 0.09621072981504497, 0.6908115424131599, 0.721947598550657, 0.8029027351785142, 0.9090301896095375, 0.31762512710556234, 0.432853571292265, 0.20497858382977563, 0.7004840464862903, 8.53950711359268, 1.2413087774842466, -11.086063001874058, 1.5528384506051616, 9.564878388140915, -1.4894516502962223, -3.890977662846654, 0.7831419756831686, 0.8990129827239239, 0.6811348969230001, 0.44895107491524533], [0.9456716053571759, 0.17702486260815886, 0.7352644684819473, 0.9481483766010215, 0.5878542647815005, 0.7065162815903262, 0.8330637558227044, 0.4194258598382399, 0.2875462330983285, 0.4737119186383574, 0.5595767642337723, 0.9273027342384117, 0.3493700186339931, 0.6948210645253985, -23.34800678385517, -3.5286887503759754, 7.723058551076456, -14.022630516140769, 20.67387823158029, 0.261649395526926, 4.032961424177607, -11.91541440049818, 0.9530197588711234, 0.8073472956174146, 0.9053017627371069], [0.6030449207824844, 0.9969325324296382, 0.5833654992642031, 0.3866203424904885, 0.1755435031985958, 0.6104549744766623, 0.6291991440827149, 0.8335623741692422, 0.5728151501914747, 0.9251022818471568, 0.6034244956274811, 0.21943490350920203, 0.018413672762063737, 0.6405325587709049, -13.619898803193955, 11.943367238553124, 36.758809305766654, 9.62876617660583, -36.80030343129935, -7.293458472459778, 2.4811021076444635, -16.75114292504781, 0.4410588076173524, 0.2440709279976857, 0.568754592243681], [0.4717442138479456, 0.7505557843631028, 0.49216191396786413, 0.011015933076300999, 0.23065834534989216, 0.48309955714569863, 0.27195178832126554, 0.8873498730081332, 0.7391216970465367, 0.8066917572669733, 0.9024372983173105, 0.4053002047132962, 0.04896956500182725, 0.6620738979231174, 8.575888057666042, -1.2064382508121645, -16.72572693876256, -6.024886622818802, 10.677547397373177, 3.939383572547675, 23.349366729191793, -13.658101994484799, 0.47435463621665164, 0.5253130911922298, 0.4368669712937754], [0.44404912837105703, 0.7550868354282295, 0.36637455961418985, 0.8099473072043046, 0.17478196153186776, 0.1826879704648391, 0.7092780914362983, 0.9335315784708497, 0.7355798649746761, 0.4364585839845694, 0.4380938206015744, 0.712527688840888, 0.6092132013335634, 0.23014180650959448, -6.314095095887677, -21.58985541595433, -1.8712933642707181, -5.961885872305562, -18.670800085650313, -11.936619083312108, 8.957107807232084, -24.683391876759707, 0.5497594538296806, 0.9312471909489997, 0.4670150050473344], [0.713067927297461, 0.11069334975481382, 0.549734364613633, 0.15047557875706663, 0.5524267582095237, 0.11271790450465868, 0.13850737948386382, 0.5284891479321262, 0.43141394610490014, 0.7674514281189418, 0.1233844227402795, 0.08953333688445442, 0.015872748020333338, 0.6712734489561188, 9.747444516875348, 4.871649909746173, 10.160221745879847, 14.259013622673976, 14.304937401772888, -16.17280338059531, -7.876032028880894, 25.432258025624062, 0.06975960638722878, 0.6848461307685122, 0.2018946124173574], [0.8420255350997662, 0.9657834691259178, 0.09000959605338044, 0.6365518031030233, 0.4418555723581331, 0.9673286956393964, 0.3266121342445001, 0.46585143203847845, 0.11003918013364311, 0.1838724511907871, 0.7417931084543464, 0.0810945218203637, 0.9485963493786892, 0.3116732387899398, -12.142741842317287, 1.2952718887432753, -17.91383712391066, 5.032119172308679, 4.90165537032178, 12.794101540631525, -0.009761844784508443, -0.8647963119029332, 0.15596836652544754, 0.9984528098225675, 0.7641443587756495], [0.4641519191456165, 0.9360705099765959, 0.19655025635736278, 0.2193670448335615, 0.05725907150812104, 0.16462333485425584, 0.35314901242665553, 0.11261306322306308, 0.7085231133546854, 0.6891541691238706, 0.3796961031698062, 0.4078548225847016, 0.9950596467130548, 0.5346124782021698, 1.843459903029621, -2.400327031927354, 1.5486609798694306, 2.829878056990404, 1.0228873092092794, -6.028603476687531, 3.921332338761635, 7.958469653416106, 0.7689145807025435, 0.40277722421447393, 0.6980150299190095], [0.824333250445172, 0.7485225054999791, 0.40888858507550574, 0.549378579067397, 0.7647593705663089, 0.8481788682702487, 0.2559307950686919, 0.24269824033592058, 0.39535981184660995, 0.013369987104100312, 0.43672284928751326, 0.272180563779544, 0.7293278424637223, 0.2186018645419534, 5.540607623730632, -9.688940728671934, -2.360667798623112, 0.5738402487246254, 11.894822455210583, 3.3557064794003777, -5.899076423675589, 5.387793614895202, 0.5664760973775065, 0.8541707211514299, 0.8017320256735039], [0.7315052362870544, 0.6311248372841051, 0.46180671822967867, 0.41971377868544824, 0.6262312124261489, 0.7136089357735796, 0.10833917738498677, 0.08169791504228863, 0.4568868822632788, 0.13074247972008268, 0.31276817856456685, 0.15304716974891208, 0.3975003579591557, 0.009445992529015124, 6.231658077671088, -8.19007941108492, 11.507476587378285, -13.29449935795354, -2.7821942634039476, 17.88654582351301, -14.985123422224339, 9.956030187205702, 0.9476230461018139, 0.6619945973385419, 0.6752072943736026], [0.16973850338073304, 0.6088574128706362, 0.2505368295032989, 0.4671819711584554, 0.5759318986865889, 0.024058042857985407, 0.6009856638790954, 0.9316103163576216, 0.8781452450967117, 0.49583442917995546, 0.29754071110972025, 0.15265861566201389, 0.7886428237548213, 0.6073347920593138, 0.9324318060824306, 7.888700417747892, -1.3255023360949165, 1.8062578964889136, 9.825053514336487, 3.1244928464910946, -5.9071671102847825, -4.9507231646364325, 0.57715700252092, 0.1081995464310368, 0.528608105931082], [0.10368162268357928, 0.0602168177427479, 0.25094549880388506, 0.36413505514246747, 0.26994779859051965, 0.8384983578436098, 0.5570299378296343, 0.5396728996484035, 0.5130848017930925, 0.8357628180464071, 0.1252891309912494, 0.8395057248470676, 0.5498254749135874, 0.7724162110148863, -8.22641149907708, 7.431536991501266, -11.858452613982783, -10.845330458551556, 10.322225535601765, 13.759696853689006, 9.703288127644853, 11.546266908463625, 0.34111349431850646, 0.35379079126188195, 0.734712911581342], [0.6660094592892044, 0.19971722969881012, 0.48957504069732893, 0.6296843523905381, 0.8707999475964464, 0.7225816965459353, 0.21969433015347728, 0.1609314662342528, 0.2885462122695318, 0.23988463714038266, 0.7033994049464235, 0.1962213538626041, 0.4200485363414662, 0.9640321663114757, 0.5951237755487249, 0.12825165797633276, 0.7379337617938238, 0.7386884182963115, 0.7732265385231336, 0.949934889859551, 0.6559189238628431, 0.47481624866341254, -13.325456360633474, 22.894507735917728, -6.502305104679126], [0.12339363368803591, 0.5676070321587722, 0.2473449196291403, 0.5139598016855834, 0.550576605978799, 0.46825218611923136, 0.9958457206324169, 0.2231613380845061, 0.2687516683488884, 0.6981308659117347, 0.9722297147680109, 0.9639457046083698, 0.7128424948663267, 0.8922251219087793, 0.24811527622198615, 0.5203376865219819, 0.21158248435031513, 0.2690974838400556, 0.5549487503706556, 0.40839393303386173, 0.17986175302507468, 0.7934768036468388, 23.958672532075877, -25.975431080331365, -14.185723889361608], [0.5582438986456968, 0.331064822581398, 0.6546867302837228, 0.3965011842732594, 0.013132200731559962, 0.6937301679859337, 0.7353664278674367, 0.7956104594223029, 0.6971054929771471, 0.4884551137343208, 0.4930790097266119, 0.8014660700089077, 0.9431974417703157, 0.7024198626882252, 0.7216269545048343, 0.10929140576238083, 0.30081380940000424, 0.3111115001464303, 0.8971340261348453, 0.3667843805898485, 0.8101266565970148, 0.2267960943362708, 5.261008358576116, -20.10969629645464, 6.113922605367041], [0.41502550494307444, 0.5028132754974216, 0.3628410794708955, 0.6787287756306546, 0.6971344745906702, 0.04275027721003277, 0.6631121780252075, 0.6823156626109409, 0.9005705691615126, 0.9373644379195666, 0.5951452920451819, 0.5845525594174693, 0.8897505040057464, 0.5060501629058755, 0.23407924910501254, 0.5112491750961687, 0.3177953647374019, 0.33438282279107123, 0.7396340810245643, 0.02733812114678902, 0.45002871587001125, 0.17568997924289165, -16.155253355706325, -6.555517511732032, 5.868901811463144], [0.45325668705389144, 0.7054557302078845, 0.20325043838198653, 0.9849951248904821, 0.3445741700414975, 0.1943214069998681, 0.5094339272263372, 0.9579896762816921, 0.5411208344153876, 0.1501255167476151, 0.4111034588516389, 0.029572712972863235, 0.31610576972165005, 0.3358592024148931, 0.7735168852070373, 0.2424861406786657, 0.9551490315424993, 0.8004878770534459, 0.5411868046685745, 0.47686420896730375, 0.08535289820543757, 0.08580461695469177, -18.979523264679514, 5.408453126027646, 10.739039639950652], [0.3284738913033839, 0.026622327088081876, 0.36224107859508314, 0.36422492493626835, 0.8216941968121801, 0.9740198017697548, 0.09134320251266126, 0.9256448259542, 0.8502345779394584, 0.9175774025169943, 0.5781422390268885, 0.5612496872241416, 0.1604754278233621, 0.05635246324852128, 0.7810515006457696, 0.45459925180433247, 0.020683455033800313, 0.3314177105488544, 0.2685573584286063, 0.3366425894886983, 0.13823224133071788, 0.7024559775802415, -25.671380834428348, -23.73078170674889, 13.408398979193104], [0.6384541038719502, 0.10052109576167267, 0.16541869374310458, 0.36185942761216294, 0.8544361910173695, 0.2333739760536775, 0.013933946456297086, 0.3383419500324768, 0.25711084405053997, 0.5799005800844823, 0.10616211444393187, 0.5019123213560628, 0.9200156409508823, 0.5984009530918487, 0.8256342797188053, 0.9038765263203529, 0.9123076873383728, 0.42536174008615246, 0.11988193617525134, 0.6278330195838242, 0.9974719505158706, 0.6364256624948014, 13.174870483399973, 5.724105557336553, -15.967898687392427], [0.6017297435213241, 0.7680650246139181, 0.3649356832562809, 0.06507924215386374, 0.7217558300956878, 0.2778707382489082, 0.3712383452354783, 0.9641905494567637, 0.7404313156052762, 0.49560773917647694, 0.6785975886889336, 0.0891809332032949, 0.3432081273575893, 0.4897248071842555, 0.17162427638329492, 0.53453987580914, 0.46547300079921416, 0.7584697236625414, 0.2022892344722862, 0.7758206540758824, 0.5478885339637191, 0.1290399562953649, 33.06543669661521, -11.521302394755065, -18.10536799871202], [0.3185585520841827, 0.28075561877164645, 0.791403664359517, 0.8680771925201942, 0.7263054544948955, 0.14368861744753392, 0.6302517060096323, 0.4342388371072351, 0.3597900967120423, 0.5007513999600475, 0.30963197083721616, 0.44900920251898935, 0.978382167714984, 0.6403318225317379, 0.1617753506363273, 0.7396458507515914, 0.49836719035050336, 0.393248947120292, 0.5836169410825783, 0.46347267671124626, 0.5063876813494038, 0.6429380561283252, 0.033822291388204806, 0.16043772883638474, 0.11856551054738262], [0.07461430807766867, 0.518806040599688, 0.16382965830679486, 0.3454348684733439, 0.24705764170565547, 0.4687261844102828, 0.4029200501200415, 0.7247575148000063, 0.9394973878099119, 0.6254038256752026, 0.6282880936825275, 0.16500816076865676, 0.6480743357232501, 0.2537198636642515, 0.860701644732293, 0.5952898977185132, 0.20392348739910515, 0.7526768427739075, 0.7087564767965296, 0.4474427874756486, 0.02657486618239424, 0.14667292611643035, 0.9748877645569823, 0.868260079705494, 0.6820872864978816], [0.31770594471366254, 0.8876230679876113, 0.8639340232700151, 0.8439852993096432, 0.05408077519465404, 0.8340249069555624, 0.1507840535019368, 0.6463529162494382, 0.9481540375331027, 0.3090620219710567, 0.7192782898869574, 0.507890450787211, 0.5236519800200334, 0.40485044860108366, 0.8093671684606472, 0.5122670807302693, 0.40297248031153965, 0.8752798699062369, 0.8086929240317586, 0.424846860317283, 0.14444208067427233, 0.8901394674264043, 0.8889848899130277, 0.5131607881198815, 0.026019511958051522]]