used_headers ['FTHG', 'FTAG', 'HTHG', 'HTAG', 'HS', 'AS', 'HST', 'AST', 'HF', 'AF', 'HC', 'AC', 'HY', 'AY', 'HR', 'AR']
Erro final considerado: 3.6769275303954254
Confusion Matrix:
H | {'H': 588, 'D': 0, 'A': 0}
A | {'H': 0, 'D': 0, 'A': 303}
D | {'H': 0, 'D': 323, 'A': 0}
Parâmetros do resultado:  H
Recall: 1.0 (588, 588)
Precision: 1.0 (588, 588)
F1-score: 1.0 (588, 588)
Parâmetros do resultado:  A
Recall: 1.0 (303, 303)
Precision: 1.0 (303, 303)
F1-score: 1.0 (303, 303)
Parâmetros do resultado:  D
Recall: 1.0 (323, 323)
Precision: 1.0 (323, 323)
F1-score: 1.0 (323, 323)
acertou: 1214
errou: 0
Acurácia: 100.0 1214
[[0.07475439221041169, 0.739707409313106, 0.93742853951581, 0.784012771833393, 0.8501988064238399, 0.3644985923952875, 0.7440932187438761, 0.5728261598331644, 0.16994461116288373, 0.6953488558204333, 0.609708137941498, 0.939145570517233, 0.9853018407127733, 0.9606075416139072, 0.9275356858210767, 0.5818691424420659, -0.39854703804424135, 0.3821113134255775, 20.346435961773754, 3.990615731630972, 6.413591433596707, 3.152869795590573, -16.985369068433158, 0.3284024997327872, -4.095230226095144, 0.25088420283030466, 0.42104425604304596, 0.3861741961378442], [0.7415037789687178, 0.5224280272631703, 0.1747211392313659, 0.3429433146873554, 0.8264934938815433, 0.744450358160318, 0.8253866510884309, 0.9798349186441601, 0.5845275634295739, 0.4160147434229047, 0.4095878394593011, 0.0005161350513210872, 0.6825796886882879, 0.9205031208602438, 0.6584085565004166, 0.7662021755091469, 1.429969059321019, 0.4007523506702343, -14.422470780422243, -3.6528531818515755, -4.579617741782537, -0.9727859341111015, 10.653831184523296, 0.37595039037305034, 2.5313094772746805, 0.994923353476902, 0.21609903704717603, 0.7643255077492003], [0.51708929489218, 0.6093084425648693, 0.1506943915532789, 0.6697442778792524, 0.9651336964126819, 0.25178044289620005, 0.9625410349778687, 0.3572053637572219, 0.9163721613857317, 0.7529143748792322, 0.712487952337622, 0.8038331108096146, 0.44259159488094124, 0.24687965856166538, 0.43500891013943654, 0.37368911197713617, 1.2082254461717883, 0.43939190626693986, 2.144274584262481, 0.6456732079646441, 0.3943228732264533, -0.20799693331303593, 0.11412702789011347, 0.9687280912145921, 0.33096781730805724, 0.7813088347269277, 0.11838628719483024, 0.7594224673256605], [0.6161029729355944, 0.03669395595496283, 0.8813950179014525, 0.465726795868183, 0.9058245613128504, 0.8212156301002043, 0.10832780635314809, 0.9294317038428324, 0.8343513510733082, 0.375716655720682, 0.706838179499009, 0.038738636254353254, 0.4649303338883023, 0.6918388708294294, 0.5844211035941923, 0.3378612954906258, 0.4305832409892485, 0.8538826674070967, -0.03370273867178558, -0.18819782053327924, -0.6547613082008241, 0.904103117209779, 0.8809079100047499, 0.49225444995395784, -0.4987014057390779, 0.3655912464537766, 0.42433354053525885, 0.9806161558996724], [0.6709929819709133, 0.08053460872275153, 0.05313193799574878, 0.1324173669495069, 0.9242279143968912, 0.4498771343496122, 0.8810331067405137, 0.1543677085579067, 0.9675129456001075, 0.47930830361168164, 0.13854660700753307, 0.5175904082932477, 0.1567545895584922, 0.4086991377810312, 0.8002288255170243, 0.629993605542909, 0.5909762967731104, 0.6405044495536419, -1.8298604239699485, 0.40742185609738685, 0.9853722206979451, -0.7382227358476118, -0.813578869637743, 1.2701527320398904, -0.07417781088383556, 0.9127121658626872, 0.319961109626403, 0.3754702424997426], [0.8601306927585475, 0.09810963091334102, 0.2583257922975829, 0.8091469404239235, 0.4594528719390446, 0.8438208760375951, 0.9807652504164774, 0.4024341495391973, 0.3102312827103877, 0.9669867272406438, 0.4152547308539358, 0.5944657485837579, 0.6142167851596156, 0.7624373843498728, 0.12681757532658755, 0.029133081503992964, -0.03508796407410599, 0.33695130526658834, -0.7526002322536435, 0.3550940531206682, 0.7630908160454954, -0.8885849403309464, -1.3818720361717698, 0.9940110667197175, 0.3026683526039281, 0.9928256374815126, 0.19199793814805455, 0.10451466797078623], [0.34079178244165476, 0.5316960261578234, 0.9821183896087469, 0.8590922410961174, 0.11880911699131069, 0.6925553848238557, 0.033202790716371555, 0.31231800775477014, 0.3756929615130581, 0.3248752150663293, 0.5877233844239625, 0.2545057995261406, 0.2967445773981223, 0.5221110039697956, 0.29950441733136124, 0.4946026372745608, 0.4342293326085037, 0.671812019168762, 0.7748910782395498, 0.086956318176144, 0.23156306665327944, -0.39182055161080115, 0.011552268454986704, 1.0874450543138054, 0.1066807141781272, 0.6406810953111938, 0.009218448211427921, 0.7511213029183679], [0.33311083927794505, 0.527302458007805, 0.02089414983694282, 0.2597442060271101, 0.4800079424599166, 0.8492225017767308, 0.7289112495523015, 0.9300569535928279, 0.7143294062368032, 0.8709769128868737, 0.9764974052933554, 0.36242934177921593, 0.8493341369975791, 0.7072689792397054, 0.22025832022352487, 0.8725604160445481, 0.5237248820891794, 0.6269692642578291, -0.5208184026126115, -0.6345926346758458, -0.31967042508218907, 0.25585949791211404, 0.4762939888781298, 0.2019253424092181, -0.5219617314096564, 0.6632193344455811, 0.2462965671376729, 0.8790557848897095], [0.7920094967935634, 0.609847493658407, 0.9081882317551795, 0.6142378514119131, 0.6509481934955459, 0.7801819354178189, 0.6022268174088389, 0.3763594262722082, 0.24545129992249914, 0.9999698379469707, 0.5731894733074523, 0.8777770719217917, 0.6943802258600953, 0.01482824341418476, 0.8437151275167178, 0.6951822252422366, 0.19330908747607153, 0.27851483527097026, -1.127007382039449, -0.35199767289241835, -0.41812487405510496, -0.36867912749737086, -0.15108493111446666, 0.6086607985356841, -0.5857101234300117, 0.42597290818036126, 0.4007030842617818, 0.8451441141582736], [0.6737317793109343, 0.3700900249546759, 0.2896531055202535, 0.7298033253607221, 0.4810680982735759, 0.5305761018306367, 0.7260712313772232, 0.8011279120559844, 0.1772493433158524, 0.6018847433757566, 0.15848048961466865, 0.1045420605954408, 0.8727294878633989, 0.39028183066751165, 0.02676553513607549, 0.10552712033695166, -0.3796670037920874, 0.05052136475151412, -0.7957048046227975, -0.4913868517336695, 0.17271328850133152, -0.4993659160609272, -0.7114118527158385, 1.342278474198463, -0.3979188431258075, 0.5546002619533821, 0.19857022052570905, 0.21392242571054643], [0.05154922336666978, 0.8224804344584274, 0.4659965235258572, 0.5984238710926638, 0.9528986183351835, 0.16613188010255608, 0.5676895421063575, 0.24176154878939904, 0.00548605629078025, 0.5217476095749735, 0.39254953504811707, 0.6394627950919101, 0.3507881815330681, 0.7365880301850627, 0.9664894845984469, 0.773751469395577, 0.2710216543877335, 0.29606104526395005, -0.17553943099935118, -0.3532630317885448, 0.7090721386561143, -0.6223515338702714, -0.8261178383324327, 0.7973268616526824, 0.17119479559446865, 0.551382553195542, 0.4966911340442616, 0.14556909211611058], [0.5711152906748327, 0.7983421278538773, 0.6615219320557966, 0.6877767740470665, 0.23602048738822923, 0.17406475460048765, 0.5065171161926691, 0.5834556108725123, 0.10259869038280134, 0.3239846531235213, 0.6173909308558945, 0.7029603476855352, 0.13638967080706677, 0.14963436643505623, 0.1200935578110055, 0.7766329189537036, 0.4685516477934014, 0.20919788784869164, -0.2176884880077993, 0.2086284412332718, 0.24550674403968967, -0.49151747586436184, -0.43732966851660937, 0.851379195886, -0.10557339636869359, 0.4294721856044873, 0.5626824162982653, 0.3052253946057971], [0.11960013154473903, 0.1453125514657564, 0.6096422969119719, 0.32820215582938794, 0.2221924283134834, 0.022456151630336985, 0.2739406652153824, 0.8984850505488057, 0.044359014446921585, 0.15182991444309446, 0.6638446995473276, 0.9193804310663855, 0.9713306253934569, 0.1944044729243416, 0.9888601040487894, 0.033478758466367275, 0.4208775173444421, 0.12865239767837633, -0.5407872665234912, -0.08466893433982912, 0.05909877267510576, 0.12989620442309188, -0.17921344022489205, 0.6401606641309365, -0.14687140650372654, 0.8709405533221165, 0.6034616801582691, 0.4326732692601093], [0.08671906065814428, 0.2454207152307838, 0.719383932684734, 0.07766944958891475, 0.9921828124116507, 0.9624472935673735, 0.3972855113842394, 0.21757648307904254, 0.6456155560045137, 0.5890459873722939, 0.40190904314208076, 0.1756193442352928, 0.05351624049770898, 0.9863567884896889, 0.6956801583139228, 0.29654369279680926, 0.5207148114725582, 0.26486609466360356, -0.02349208743217676, 0.21232149615232596, 0.31952202689412734, -0.5880010883685537, -0.6211037710145905, 1.2297914121805376, 0.02931121285558937, 0.8539280874687156, 0.4684908881176072, 0.5355935747920717], [0.4758103130194554, 0.08478989146621219, 0.8888360605925636, 0.885306259009482, 0.26728415589364585, 0.7562103004400393, 0.7630988721511288, 0.7552469369066505, 0.23162955976504218, 0.18032152503477283, 0.8878876175568107, 0.8836337920658301, 0.3033841502270983, 0.44482269737128777, 0.9836132562128885, 0.17890329782737946, 0.26954690858867447, 0.07637609368358872, -0.16242800465909085, -0.10044547629127323, 0.09315295640576009, 0.8221387707418242, 0.5043286083488084, 0.9378160106854431, 0.3076927832902464, 0.8279025085718018, 0.3565590203652529, 0.8987239176504965], [0.8246665350121014, 0.550793121835817, 0.4227155840969332, 0.10309681330855602, 0.3278455187629915, 0.6978409993387571, 0.5812889320384801, 0.1850942764643706, 0.21534507903896627, 0.7392088222082245, 0.9549079070677228, 0.9653886183052929, 0.245371184443806, 0.49746852828166555, 0.32608930112989754, 0.06973282983627238, 0.9140749683500612, 0.3074165182871645, 0.7666618944867647, -0.41405289894738073, 0.5223972242921023, 1.0216897405106546, -0.016312171421334693, 0.38307624734096274, 0.4430691753167802, 0.24501219065421298, 0.9047773973551791, 0.9460689026628913], [0.22537961873648638, 0.3010086354176381, 0.5423039843979057, 0.776902639026975, 0.14506905766528166, 0.2222716737413729, 0.5692167087975352, 0.012615096860269626, 0.10802875528030009, 0.07548304676086925, 0.41715481802859455, 0.0633677249389899, 0.4222653162712193, 0.5500832091825096, 0.3953169965170483, 0.4568249655077785, 0.9430674917258911, 0.8005171160919833, 0.5300950033666144, 0.05290201898851843, 0.02561592025224313, 0.07795139619425184, 0.3157982394168899, 0.3248528084565956, 0.6465180120732897, -2.1385096626613214, 0.4802522069886115, -0.905914527564297], [0.7688023319737792, 0.8693834341878965, 0.07946785757087682, 0.14200460142063231, 0.41614327240644344, 0.43933654423569224, 0.2497114205219002, 0.4830240651550578, 0.7011758238827275, 0.9078757307015617, 0.5923875083652826, 0.6445536784903645, 0.22073660672725592, 0.08316862819367765, 0.10230587517329237, 0.9806920346055874, 0.48238786339775863, 0.4596329525109826, 0.6625427644912871, 0.3736994682062197, 0.6113590642505893, 0.5881127102595345, 0.49019746007989595, 0.057441231584732466, 0.5973572178364724, -1.3924963582347984, -0.6546387681675572, -0.5650623756391397], [0.2647534543271276, 0.8927767558981192, 0.745218826248484, 0.2926028181865359, 0.8524210283911541, 0.6323766213872847, 0.07936939001303256, 0.18272342014102738, 0.16257403336455556, 0.5062039230132622, 0.40068593723435186, 0.14648516226227082, 0.8508792337757732, 0.8101718754416869, 0.04757767944658997, 0.7183558610946408, 0.038376339557107175, 0.8532276965829777, 0.1958105827325256, 0.2896387492025144, 0.6878505435895921, 0.5703098636552241, 0.852438845657991, 0.9396299556418322, 0.09806644683621502, 9.108026802101895, -6.849883033065386, -16.176110699999395], [0.20871215546553845, 0.8940887715445197, 0.5285910662675103, 0.37790404809873424, 0.0027565268564865297, 0.4390077164751782, 0.9357129052468504, 0.44149275345575945, 0.5086098097374356, 0.37977447891599325, 0.5798440087039749, 0.1624830494776196, 0.7435803325882541, 0.9599046715216647, 0.16752118733912247, 0.2786209462108631, 0.2715380125316589, 0.6822293932408515, 0.1691054856644577, 0.13739187347112025, 0.21533721770771153, 0.360630429731189, 0.08651012840029582, 0.5690919381335078, 0.669435374200742, 1.3327699569344573, -3.4984795205907204, 4.855827446316182], [0.8054873646424225, 0.9264836749862572, 0.6061848663659006, 0.08584826726226746, 0.9153789011545942, 0.5241876583564014, 0.09244130959908137, 0.6543329485956618, 0.6913379724712317, 0.5522273908573525, 0.20091545466537586, 0.1151750207742307, 0.11482073712290941, 0.08481112567391402, 0.18773934057994934, 0.38776932092072836, 0.10371350020177816, 0.9999583851141818, 0.12271974867882329, 0.12418356222020543, 0.11061961440319468, 0.5987652766206691, 0.3152483942423211, 0.21581848319178432, 0.07002468666799078, 1.3902392249956466, -4.436525798196692, 5.175789822900307], [0.11027492927654858, 0.008028249594059012, 0.8963752628000632, 0.5599158174109525, 0.9784241752376949, 0.360583961314103, 0.7303351538654044, 0.3877449628781501, 0.2975853492791507, 0.0968173419284204, 0.8756903353491493, 0.20440504384514968, 0.15097024000232795, 0.7853722496428536, 0.17761896806257027, 0.6399065396213549, 0.6576466652555412, 0.0017807079396575665, 0.8844183152187926, 0.8278838839074472, 0.8334033547000739, 0.034565941837025216, 0.7979074295703997, 0.2963913330444524, 0.04953199423624233, 2.281675312303445, -2.5622320247910735, 3.2807669079165866], [0.7328002041727891, 0.5545062087746991, 0.543264931487596, 0.5138295872140183, 0.6180975989931912, 0.10016668636576975, 0.8769184625328863, 0.26730939208866644, 0.15492056779011631, 0.9577433489271856, 0.6511629351097536, 0.34973426512825645, 0.783436042580155, 0.7222009998706246, 0.693774605791238, 0.7909385292751825, 0.7114345272783892, 0.6866058289192363, 0.32527454603301154, 0.19220747530103177, 0.003940199988065385, 0.27681536839222676, 0.5860824819017465, 0.7712608108510157, 0.7143725160523146, -7.6249251677359045, 8.82410261404382, -11.34632755204551], [0.8932713572416395, 0.5646942006896977, 0.757701951429664, 0.47657276038527197, 0.6681013083287429, 0.841125942092399, 0.8041337949456538, 0.7378963851748247, 0.1388073796770577, 0.29932542353399927, 0.12363127866369994, 0.8951186819270122, 0.9016691269219521, 0.8303665123672885, 0.8812746239732511, 0.23024086030892288, 0.3633651725132032, 0.8562639817911761, 0.4346921787619623, 0.9936334717711535, 0.17373367242031046, 0.1524128183040936, 0.21693469105247232, 0.5721559516479336, 0.9202531486743588, -1.495306994087016, -0.8159172443861152, 1.3712537870173285], [0.9411110357013196, 0.18553020455913372, 0.5302241475355357, 0.3966364834495847, 0.5965966805248064, 0.19523349920987532, 0.016289937702534063, 0.3646561260096467, 0.5882122709557006, 0.8605967067264414, 0.6828853610963417, 0.8484530496423015, 0.18315440456739374, 0.4344669594272038, 0.8422216297107911, 0.5808861004894854, 0.8325679194763953, 0.963422923643883, 0.17199652245097818, 0.22383127588293106, 0.027362201163491195, 0.24894451435744636, 0.3793440873288455, 0.7256105057447502, 0.5365987279171485, -5.104965374027059, 2.7098295914166255, 2.9703498779720263], [0.5161487427559903, 0.8562321500514866, 0.08607492660631844, 0.7785463462349088, 0.17587161957436792, 0.28722371987765716, 0.0490545399846537, 0.6764575287275911, 0.07846031653143204, 0.8548276696531789, 0.9916747276573968, 0.31835535492186007, 0.657823010902359, 0.019768935492680995, 0.6623451733603609, 0.5277224317615115, 0.9269231663861107, 0.19036834568699057, 0.7965551836874848, 0.7626879317982916, 0.8958504449963799, 0.7895437188775434, 0.7335616697845367, 0.47138459851523073, 0.9620936472786674, 0.9094697382134307, 0.29493546599305676, 0.5840965142260309], [0.7043174797598784, 0.8612036162519447, 0.5183282459248236, 0.8501375246369468, 0.4978591824831302, 0.58318923866617, 0.6519631846383176, 0.878819630787922, 0.9832435555259925, 0.1952724287253137, 0.8001332260844538, 0.25525959732083614, 0.9236732893516534, 0.23675626034872443, 0.05478244412757971, 0.8767472957979014, 0.8389898574615988, 0.08743500532522863, 0.8852771440752203, 0.7561364506088492, 0.6393326859363211, 0.22444992536185038, 0.2372250845549967, 0.34147493194410583, 0.9616354002162899, 0.5167182559818851, 0.4108462949867696, 0.9933927397901238], [0.9590748913480757, 0.605487646453642, 0.21856048164896924, 0.6610629475939165, 0.5805610906273087, 0.8003464199521119, 0.4954359646679065, 0.9451936993910481, 0.8769611391429806, 0.7693105402699614, 0.9106082328920458, 0.08790978336832966, 0.17345991065228528, 0.4823270713059491, 0.5450477428146608, 0.32281458760353143, 0.06653929348071808, 0.6648073975205101, 0.4539656291393399, 0.7988125516888142, 0.9830484593022648, 0.2071798835692742, 0.08464836527305286, 0.8419308395885313, 0.23700350899289502, 0.7178148680215786, 0.509267853540708, 0.27641433779639923]]