used_headers ['HTHG', 'HTAG', 'HS', 'AS', 'HST', 'AST', 'HF', 'AF', 'HC', 'AC', 'HY', 'AY', 'HR', 'AR']
Erro final considerado: 256.41120398095785
Confusion Matrix:
H | {'H': 538, 'D': 44, 'A': 6}
A | {'H': 26, 'D': 28, 'A': 249}
D | {'H': 68, 'D': 227, 'A': 28}
Parâmetros do resultado:  H
Recall: 0.9149659863945578 (538, 588)
Precision: 0.8512658227848101 (538, 632)
Parâmetros do resultado:  A
Recall: 0.8217821782178217 (249, 303)
Precision: 0.8798586572438163 (249, 283)
Parâmetros do resultado:  D
Recall: 0.7027863777089783 (227, 323)
Precision: 0.7591973244147158 (227, 299)
acertou: 1014
errou: 200
Acurácia: 83.52553542009885 1214
[[0.17870374012961754, 0.936404273823793, 0.6285857944125354, 0.8459463571922882, 0.7541872929826993, 0.018396692283025096, 0.15778372265135532, 0.3750995911407794, 0.7322708298051542, 0.5657766348839726, 0.9735268176327663, 0.9123163599218865, 0.6927614720298346, 0.4441902371642038, -27.822837360463197, -11.735432147105247, 15.898951682102963, -1.4554659908628136, -13.78670950232303, 13.7129282583499, 12.724855972212278, 17.67997170700563, 0.6441106976285594, 0.0006743925267576056, 0.09412794435784244], [0.4915964222132361, 0.8577156053638351, 0.5551619621892321, 0.3750153810462552, 0.3139800730372053, 0.7198569879691149, 0.16285109514139162, 0.13992166937633488, 0.8502711809451389, 0.1597040480937889, 0.8170773684108397, 0.8364097153882709, 0.013236282728717241, 0.6430909892018233, -9.484362089816319, -14.991157025738037, -8.591575818155677, -12.85777124491331, 14.094136527156575, 11.858364183100608, -2.1432885511674473, 2.160346900198553, 0.8567134662102314, 0.5945260073321934, 0.41858727780669336], [0.5237092509960927, 0.3370054713451289, 0.11766151375246614, 0.5949184993293862, 0.9792342094136147, 0.12118897568691334, 0.5844753616322316, 0.14712499075074514, 0.9292909134001189, 0.728441380240696, 0.4196666305163632, 0.5259048727712433, 0.6474773818752545, 0.40142286258380067, -1.7878778983151316, -17.87927819890778, -4.449331778448054, 4.847436147250456, -5.710722795830491, 0.725825552121836, -4.706444542917251, -12.889412348259693, 0.7497769227956996, 0.4455319464527405, 0.09922787766593077], [0.032429288393174716, 0.6729382005698311, 0.6872329388387333, 0.8993830828329328, 0.9580098880008066, 0.9488696499933938, 0.6369451355167085, 0.08420761029715518, 0.7910412217689021, 0.38190445428561637, 0.13191931654075684, 0.6529328800600506, 0.26901783665274537, 0.9025179497485435, -1.8530863044612977, 6.643763369375314, -21.88148694618699, 2.997673522860644, -3.5557480459424666, -28.081423928226766, -7.0202144488254845, -0.42870154739572824, 0.7672161044481499, 0.6109653919202679, 0.3757254764822573], [0.3222607487019816, 0.7383884586046708, 0.906716540951394, 0.5909020336414221, 0.5645545789036676, 0.04680344603139708, 0.5423283221574914, 0.4427204854408121, 0.1353138666878949, 0.44496631987477464, 0.764987766894959, 0.5111202246254795, 0.868632222959749, 0.2937732848599789, -1.9115902442375665, 7.448766062501314, -9.259500312723457, -13.418354488944424, -24.662478678598088, -3.1763115194512515, 10.449911176305687, 4.843149070120067, 0.12907362486013552, 0.15905334971120277, 0.6257385743509577], [0.8561075444653012, 0.38796742030350684, 0.5546482444152264, 0.7687411398545723, 0.627611304933115, 0.6993137681929492, 0.7117761190860092, 0.39561939293036785, 0.3599001075548859, 0.1472406501761533, 0.01257713471539701, 0.43597438129690924, 0.6225204039969549, 0.392039899257152, -15.164934229246285, -11.75799623413759, -19.37845483593541, -24.1076329757006, 10.549929436020976, -0.2639746976338369, -5.066984201980979, 7.819162988330691, 0.5178496241160858, 0.7701588784642676, 0.6808259801829153], [0.15139739074995984, 0.729311290689448, 0.9484094077999249, 0.44319945463677446, 0.8117277459900845, 0.5886798377163696, 0.30990307557776386, 0.7562839367636276, 0.5110398878003894, 0.48708848030250074, 0.21339389025619426, 0.5646415016281975, 0.07476012188317771, 0.8179209529485849, -4.349259236550161, -0.7832054103302282, -1.884432685066685, 7.119112037668059, 9.793510094836208, -4.931110413753784, 5.897692665430175, -16.708844106840417, 0.026902976626285935, 0.13855242890250075, 0.7238851495536012], [0.42210450583609227, 0.4407263111042182, 0.3500621425009893, 0.7487351621455279, 0.1686745473897735, 0.7930946562185741, 0.33050442941704194, 0.377365785789219, 0.958954545598832, 0.7192814515688871, 0.07054559037374464, 0.9010885357020448, 0.4557979409031754, 0.4695247319890097, -1.7351730825343865, 2.554542959154157, 20.61168327013768, 12.103510741576871, -13.60142530266301, 13.254556677887804, -8.592074925430502, -16.560327942865655, 0.3058488623890617, 0.865624495636342, 0.7201365014492812], [0.8093562944398079, 0.9718282178780449, 0.4151355612023735, 0.05564792207769864, 0.010425669697859408, 0.813633252601095, 0.5327945601765369, 0.43137230106960034, 0.49309446984487537, 0.520440191419742, 0.39017882353257005, 0.34031199425025527, 0.32842440579124343, 0.29922156081959095, 3.4009503945466024, -3.874983419652894, -5.588339108619328, -0.280586944146792, 13.025590306865464, -29.232220909406337, 1.5915286116448406, 21.409080385617678, 0.8437848784033526, 0.19781404486639054, 0.39296336071961413], [0.7105488230101733, 0.23907726665787343, 0.8079164968140192, 0.7945499780530653, 0.7819941328652446, 0.18350599081243057, 0.37757342752063827, 0.018775897536535968, 0.425012085932183, 0.06210375846638527, 0.07932880093052497, 0.8954171177555188, 0.25461850156590293, 0.7065073912868454, -0.36691455386037625, -0.21946377099945985, 6.228997536810218, 1.3972709097587592, -5.054404523745685, 6.39961357789223, 0.23999658953143152, -17.024371127836822, 0.8384990965132614, 0.8753432063135601, 0.9069763425699574], [0.12740978230472522, 0.9530399259356477, 0.5485314486848848, 0.0019630449248021486, 0.6768853168305267, 0.4108091465140973, 0.3397205012295985, 0.5041514195463391, 0.9292538869710814, 0.3845172585382376, 0.31377870461592705, 0.38530106209127535, 0.29641083589421335, 0.45684884752039456, 10.783872504625286, 3.8726861287392476, -8.143537797385779, -3.742498801469354, 9.973090150410098, 1.357020064691561, -1.518505529502072, 13.860966286336444, 0.11098390351480192, 0.5332069682633506, 0.6590720006486875], [0.7946319890845857, 0.4016743452583025, 0.827875053679385, 0.7188500526198239, 0.7865215020472381, 0.18211703484545017, 0.06090773328126897, 0.39359230941093515, 0.5990958263562912, 0.14276640934164586, 0.39007769202516873, 0.6327680176867936, 0.33695231034917916, 0.9114331872147035, 9.898827954429706, 12.494742091576299, 5.3876730695858495, -3.5575017204528563, -15.242659932399954, 7.60738678877423, -3.442460723031982, 1.1344706326874203, 0.359061483981307, 0.9456498479056626, 0.1228254543092756], [0.6446030348871402, 0.8849870121613659, 0.6435893482755624, 0.5168083790265378, 0.3537155962139992, 0.606710950624908, 0.9805105802244551, 0.2865812648292809, 0.12737265289704747, 0.7897686871158132, 0.11055622646496865, 0.30941000231455973, 0.4567332534960874, 0.09501552072505626, 3.676703610109514, 2.099118795323773, -2.5746196751622756, 1.0358663647923934, 0.33668709105612815, -1.083828679704113, -0.2925979268236499, 2.7076076210857325, 0.3879863142548774, 0.7234669542618359, 0.6491601649505715], [0.7489235461349607, 0.1009043309495069, 0.7421417393572232, 0.4724686080855164, 0.5563704592569412, 0.7692992884612095, 0.3435522085820909, 0.8741528436745064, 0.2503123930137827, 0.5943652333357413, 0.8546630431108293, 0.3692748066411552, 0.8137426948464859, 0.9301697924552912, -2.037085999060129, 9.104445822189016, 4.015566037821736, -5.61635474083509, 5.97328284021704, -4.697668297535773, 2.6133417785163076, 9.550052928456, 0.6752235111331507, 0.6269696464650202, 0.22990106850224046], [0.42775411323204526, 0.908466446447228, 0.25962671500416956, 0.8837258550459297, 0.9503557205399759, 0.649914004649466, 0.7760721122947143, 0.03598307768328035, 0.16554312576581842, 0.8604123953868086, 0.48730501064617804, 0.006135924328458553, 0.32366901979386753, 0.8806294299237372, 0.5533248494577009, 0.40013612374317287, 0.8964449014768294, 0.6784531354946124, 0.21432527154490988, 0.8340397020736613, 0.4483706788394788, 0.8941999547619989, -23.08964331103407, -9.666013902256207, 15.977383265143505], [0.9714119077123555, 0.5703987915938461, 0.43333188978834203, 0.7396812075781124, 0.19323209186971457, 0.4801872951472822, 0.12818078920627773, 0.5909026031664153, 0.6019563935913014, 0.6275398926578455, 0.704097038856912, 0.31764677672579666, 0.030550310599306685, 0.5418527495055447, 0.8636346238219391, 0.6714009899263889, 0.9599340682115626, 0.34535918294202483, 0.6669181319589897, 0.964961549812889, 0.07038519062322857, 0.3414166930165238, 13.194198835742595, -23.254119928181996, -11.01965579506405], [0.38222179006166346, 0.537379759750273, 0.303785315108586, 0.9655370666267797, 0.6662117102174434, 0.5907750383471356, 0.5368948781248826, 0.3476587064982155, 0.07746993936166724, 0.7871497822836745, 0.9976429621990714, 0.14038977265350971, 0.8449806399586041, 0.6269927506720752, 0.21823352029809306, 0.21081821572171566, 0.1376681526139094, 0.31121222466234344, 0.591895663608278, 0.8910163111410074, 0.7935824004581556, 0.4787110457712145, 26.23582741162028, -9.330860683028936, -23.941602794101605], [0.6597077909063147, 0.860835108199068, 0.7188110070444876, 0.909837368008231, 0.6142115706958964, 0.7705751800116911, 0.3093921189275288, 0.0426215459208833, 0.23774003724895376, 0.5402052566487596, 0.10852100867609005, 0.3075113746200986, 0.7330751561914847, 0.8778419700354606, 0.9673453888881968, 0.02401997627745389, 0.9137344232112072, 0.8413509224144765, 0.9140219733967762, 0.621507488111679, 0.7293266738251977, 0.9317864059695541, -13.124510568870337, -8.911350969441301, 9.649422841350544], [0.5617848549548052, 0.3194089563865189, 0.19915413787941894, 0.03710228080576239, 0.7105108375808031, 0.2023941938974001, 0.8946279968370338, 0.31062543508748286, 0.6136194708092002, 0.7670039366793807, 0.2764691133127669, 0.9123725434038272, 0.7380885246673871, 0.7671373623008598, 0.22669038676933506, 0.5471634356237478, 0.886119954341704, 0.2575369100843746, 0.8132263158331584, 0.36255734865622624, 0.5962048457701731, 0.9263563233225368, -20.304145227014462, 20.571963358113283, -15.982572803042288], [0.12868601312964756, 0.1113297066839668, 0.7632319211648896, 0.5050715243385833, 0.9822811994653241, 0.9779735009242417, 0.28076982380706417, 0.16925857657828713, 0.22482589677611375, 0.27222981346558606, 0.18247973004186624, 0.06120505965337397, 0.1298216272461824, 0.3270564196380408, 0.5874007142513247, 0.014960723967462508, 0.9561280510134186, 0.40875529024207746, 0.21453118957680517, 0.8428795143006197, 0.22418509162455535, 0.9705994518087274, -16.663607841784255, 17.353211447499007, -12.078222675588698], [0.8003138868176352, 0.07076700586516071, 0.8320204762025099, 0.920149279899866, 0.09050949674240338, 0.45707327079412896, 0.3382422929431803, 0.15659985904798035, 0.434398072961637, 0.11913091895986994, 0.18123145315558054, 0.7536923705517582, 0.6176812136948587, 0.15798775380613728, 0.349452860867579, 0.5958294549577692, 0.5446894407849228, 0.09618998075836471, 0.6689599354623108, 0.10881296407060026, 0.03128139715738143, 0.35983271560572416, 21.05624721549947, -20.353064145707926, -16.02689765060627], [0.6393902817644374, 0.9524747675551353, 0.920001921770267, 0.5871181583725537, 0.2767552696371498, 0.5980160253962449, 0.3450769779831232, 0.17860983416685983, 0.3133960879105876, 0.9025754274109756, 0.7564796963602781, 0.11420855753551318, 0.3910134778006803, 0.9532993020442868, 0.8537238604363069, 0.23739880908789324, 0.09266013543104534, 0.8437470181012774, 0.7988080828285661, 0.11987300956624325, 0.47131759032940823, 0.5202411790767775, -15.06466048366369, -16.314671225818802, 13.294815117787808], [0.044554672837423426, 0.7366239269466187, 0.4679030583011383, 0.30622143345395303, 0.5474009977133174, 0.8285931277075917, 0.009444907293513327, 0.2405042775646804, 0.4176144637669269, 0.9578540470861708, 0.8689952525655017, 0.08686277444150325, 0.004690441236320786, 0.08946631921979808, 0.6633289935252213, 0.6620083888651649, 0.420462907342125, 0.057840232768022415, 0.5652491513484927, 0.12266881017778797, 0.41761374541767016, 0.8628630662799068, 0.3542960232295643, 0.6859295274775183, 0.13146515452071317], [0.9047901190364754, 0.4345883988866509, 0.37421409601064604, 0.6397816967844487, 0.9775722933674099, 0.2388063866780914, 0.6555639312907989, 0.14780879861245189, 0.023767533660577822, 0.12762245556159202, 0.7704016049691164, 0.9400402355258359, 0.1985715165574795, 0.201076558694397, 0.2035349245057534, 0.09786471377012207, 0.23712784380161722, 0.049122666502472434, 0.4102724174565161, 0.7526343627863816, 0.9798021514936902, 0.1754464802845973, 0.5822742807404166, 0.030429324612626596, 0.022195244577981166], [0.040724656440858875, 0.3103991497548906, 0.8964108096980323, 0.6965828755742699, 0.22302157476312212, 0.23315952879696622, 0.4902763518135149, 0.3919401885525666, 0.019114306413542947, 0.14552310945836433, 0.8989879418168326, 0.75560613837902, 0.5602732224052502, 0.31712776062186643, 0.06744344036225192, 0.5430571042788734, 0.3589750050653834, 0.9227320798384783, 0.9941249781624296, 0.8578266554874799, 0.08221397359348526, 0.720267446541254, 0.8468579699192964, 0.25769259566314917, 0.8768969364624806]]