Erro final considerado: 175.8650928816869
Confusion Matrix:
H | {'H': 550, 'D': 23, 'A': 15}
A | {'H': 33, 'D': 16, 'A': 254}
D | {'H': 59, 'D': 229, 'A': 35}
Parâmetros do resultado:  H
Recall: 0.935374149659864 (550, 588)
Precision: 0.8566978193146417 (550, 642)
Parâmetros do resultado:  A
Recall: 0.8382838283828383 (254, 303)
Precision: 0.8355263157894737 (254, 304)
Parâmetros do resultado:  D
Recall: 0.7089783281733746 (229, 323)
Precision: 0.8544776119402985 (229, 268)
acertou: 1033
errou: 181
Acurácia: 85.09060955518946 1214
[[0.7706776576664507, 0.20169173306130994, 0.8733538562183115, 0.7483145928000717, 0.5393783567657141, 0.3031763489444451, 0.09537059097126666, 0.3469589540511626, 0.023552602492048713, 0.5693983384152496, 0.5242909848488583, 0.20012004591286348, 0.303382016004508, 0.6220286246751724, 14.048992603289864, -5.752381716122945, 8.85651996081411, -23.928447005083267, -4.991024750701791, 21.748036220921783, 22.32865057118, 24.640166997976685, 0.013144790567742537, 0.5274974088162737, 0.3291546076429016], [0.6817140015936879, 0.37943394288267696, 0.5327136026483199, 0.35372641670191995, 0.6831294695456731, 0.46214213237307666, 0.2948287186418429, 0.4786364536172524, 0.6249282711324426, 0.7899902206033398, 0.5080754513947817, 0.6936772767822845, 0.047542658983003694, 0.05787539629799365, -12.089229512559957, 4.933823661607902, -19.64986339643748, -4.673844476439526, 25.155904896489673, -17.22166059677028, 2.005224304939401, 3.9324147097784197, 0.027185251220378515, 0.8477517787535735, 0.6341285021653075], [0.6548053500694831, 0.7208823857038893, 0.6638719739617608, 0.8713571561306259, 0.2255598822765308, 0.2507546020746403, 0.8371239922817019, 0.04817320567006611, 0.6925735554097109, 0.41720562743547307, 0.6812112739300774, 0.6902067275736896, 0.0027051740943980773, 0.6087877577793724, -16.68440017634567, -25.342346039185564, 19.462691747538575, 9.647561319884767, 0.48818331687201266, -4.8581463936243185, -5.359442135142578, 19.74815033520907, 0.8185255400157389, 0.2729213152230815, 0.43471701867714607], [0.8569586362630384, 0.12469211558168203, 0.011713904356007498, 0.0910488328529917, 0.23750946356731395, 0.40419240354230934, 0.3945551679357443, 0.8371445165704318, 0.38316818600080704, 0.025538501329238184, 0.8240240151587885, 0.5059125064640327, 0.23403305261142604, 0.7082897532435861, 20.40187550051278, 5.730574980613552, -26.42887521208528, 0.6027406152767254, 0.5210782704738754, -4.820713462406005, 4.317390116048042, -2.610750289957672, 0.3215498812500218, 0.9089119247853864, 0.5625683348467954], [0.9075177487198991, 0.5819498068881069, 0.13986425240851563, 0.6165847422756076, 0.13613505158959793, 0.27918090548385066, 0.0844368853415377, 0.8257630451680761, 0.656036120865042, 0.4943215369495283, 0.23494946536157058, 0.16450458909343801, 0.2215249560674738, 0.10280730252424664, -10.73123852310973, 0.7397235469771787, 6.694739002026798, -1.3336679462832162, -34.319118495803124, -16.19249373424652, 20.156619813612703, 10.839244191321246, 0.6884936221169823, 0.9885803278082537, 0.657786874698399], [0.2613898814568052, 0.4773987230615657, 0.6540627678066543, 0.3910909020500577, 0.23362541222112776, 0.30347991229803106, 0.9861278269055264, 0.34914619503521893, 0.36101602655333587, 0.6632378589515434, 0.6043603364248502, 0.6747779054073478, 0.39043244369844043, 0.6335563280269723, 0.7979744380129423, 5.6010484854547276, 1.1766389813187295, -8.82926319384018, 12.81310534885258, -4.2057976547044875, -13.157503696636356, -0.8408888865684447, 0.8703331842173949, 0.4819651806999483, 0.517801804736065], [0.7147081527743847, 0.04408159341092366, 0.36617410820282625, 0.8924309822395798, 0.6495551215591444, 0.6841057998097086, 0.2694092319063627, 0.6199076439695863, 0.4922426634675622, 0.6118449762361834, 0.47981461301337913, 0.14137741801421044, 0.5060643365406925, 0.29042244972688325, -22.1625635875319, -11.419626732423923, -18.009557728630025, -3.4545531449338958, 0.6629957979950821, -10.408910835139846, 8.206933297813963, 4.371373368710212, 0.07101827321413579, 0.7617001795364285, 0.07078292564249722], [0.021521630982599294, 0.5289521665578744, 0.1010835619461602, 0.9790934360001872, 0.7147711753856425, 0.9727314736698169, 0.5259365815056536, 0.5340385094961658, 0.3291533326145858, 0.9969638670354452, 0.7474535089616373, 0.8799477028594147, 0.40609616819458194, 0.17590612529140237, 11.340408711102258, 14.261071726404337, 4.747082064397381, -1.908428038485926, -6.462820376171116, 12.589202171109605, -20.228472536933946, -26.64173090725139, 0.8009649639422108, 0.43110058211998237, 0.9564729479615894], [0.02341581224931988, 0.890106869782922, 0.31837064379270974, 0.9493071122018036, 0.729649137943584, 0.3654482301425841, 0.13432315995847866, 0.5823726024930629, 0.3301383210659563, 0.5040336449415671, 0.8141158045370365, 0.9387238967920547, 0.47655288725755485, 0.9777377976699502, -0.24676095797677605, -16.617916052267777, 3.130392290984711, -0.08235677486264024, -3.2420449034791106, -4.130142754956528, -0.5118693313841415, 3.5660986437334916, 0.9300373757839193, 0.7807567947884804, 0.31614961591947544], [0.1692707448233598, 0.29581326006356146, 0.5355313512319625, 0.22281483032770855, 0.9370756919327996, 0.49783839689151343, 0.12155979297580999, 0.8322914971214138, 0.6690883297740632, 0.6396204059885771, 0.960451949765136, 0.5071763644474818, 0.621724659796582, 0.3022143605344476, -0.345934444539779, 0.23618517629618424, 7.38321497955718, -0.5360374421318425, -1.854351682498778, -0.5180690641181509, 0.15091517084369577, -3.144635943045294, 0.9335756191200993, 0.8180720974534637, 0.49149100439118076], [0.5859974968632726, 0.04262222934521842, 0.22937435265248085, 0.06807715665753733, 0.6926824062697582, 0.5089646506281239, 0.5251985573950416, 0.6914367203965786, 0.6811073064918932, 0.22970807993150977, 0.3267277257510647, 0.9135888566938022, 0.7286674941495135, 0.1472664787308101, 10.933179741947809, -5.489280091636083, -1.0009005686453998, -0.9971360590016128, 7.043681878171697, 1.2890063044216615, 0.7022900100189848, 9.031720126588155, 0.22529119676711717, 0.6331547137155235, 0.6823468380916795], [0.6210130145765097, 0.5096501480006015, 0.9836551481197581, 0.03947610763559872, 0.07536183071276392, 0.29004118265682843, 0.7160392510547787, 0.3220253395910081, 0.3659530381278906, 0.9829857851804548, 0.28630112252378104, 0.680732896274629, 0.6120218262209385, 0.9404467128924441, 17.782015821779726, 11.706901188894358, -19.740897686079315, -2.2173091666544096, -14.965824624957053, 10.90846273349228, 12.270899414999546, 9.014929954823248, 0.20754074335074557, 0.8062667641666607, 0.07328841044704659], [0.09938888659471123, 0.9152862165868719, 0.8536744937625963, 0.4313627381576468, 0.5301385135342316, 0.8559589275959273, 0.27705655014618946, 0.402221856773616, 0.4307157741076344, 0.5641721223051684, 0.3808119173759794, 0.5783176457565378, 0.7401326425929178, 0.7874534125294473, -6.053841847409605, 3.3500765371954286, 13.251003672388757, 10.777069819029032, 9.946854025249783, -20.785163899699317, 4.347704680911087, 1.8139229337789844, 0.6520407561293151, 0.4553828782970989, 0.4690039924929571], [0.5805845720201768, 0.06066903588892669, 0.28351429726573263, 0.437530088259125, 0.7098351525119584, 0.8013910314215554, 0.5208752539210378, 0.7659131779585784, 0.7228840234972097, 0.029761785279108777, 0.3844662538249931, 0.04803512875626326, 0.47889768918698794, 0.8232493366459539, -2.264673691681543, -2.9378824212559875, 17.550817905971503, -12.785613195330745, -2.1883850416731274, 1.931215849478143, -13.58402742177606, -1.9553619788299583, 0.6425794464370358, 0.31611542085081923, 0.7308883981501564], [0.7107802512965384, 0.9271283628769593, 0.16703981642872667, 0.20460944071389642, 0.35324952764224626, 0.6724955358692816, 0.8421221902884113, 0.8364806503645832, 0.9866927970124422, 0.7305580571548306, 0.5548293115146081, 0.3113179561683008, 0.4823621657548147, 0.6998280520342965, 0.8928962340248924, 0.9173665467713243, 0.8578065286541053, 0.7640958048124455, 0.08826479507021567, 0.24367046126836545, 0.037508619876666205, 0.00975040956990425, -8.57405827739535, -7.601106407434064, 6.635763013776616], [0.6541851156477804, 0.7833689432849928, 0.4643793973963799, 0.40000147145453313, 0.614177123161654, 0.16380756405302266, 0.870538582270578, 0.08898061961438353, 0.09399492754809169, 0.8611153422707561, 0.45257248519460547, 0.9595074970842036, 0.03943291160235052, 0.6329691948969578, 0.7843401225663655, 0.9547064173337361, 0.5328040833199261, 0.3347152482806468, 0.18849426154450355, 0.5259388095132024, 0.5764950715839583, 0.9347427734635965, 14.506283728135262, 0.016396801495032826, -12.802627093489862], [0.4751016199308188, 0.7217559045076148, 0.6609129775494195, 0.052336524030942355, 0.15966988482013877, 0.9900462263140963, 0.8549176852637068, 0.7573286598890683, 0.7152644416529581, 0.48313024202475574, 0.5711020426433225, 0.7945607623989429, 0.0026732582181902, 0.2722866820204949, 0.1724060911848142, 0.5594733588574257, 0.3848982151744952, 0.2777417408563255, 0.7270118326349131, 0.892427168000172, 0.3033075213804828, 0.8516499261986148, 22.552395233266065, -19.09421699091015, -17.19062901779844], [0.5051770703659385, 0.9107935439454828, 0.7229775824226397, 0.5139277604819142, 0.9249120219886204, 0.467414454640411, 0.008955505642734729, 0.01205658607631821, 0.20303603530026282, 0.12168336716679173, 0.6971497671948715, 0.9560166343999138, 0.059285062644854, 0.39901104848890556, 0.5686987485534881, 0.9403107558587235, 0.2654428804367063, 0.3445444002008565, 0.01596165385600068, 0.0523309155870747, 0.582690520129737, 0.9855988862434459, -25.316360609411856, -20.15425965813119, 18.695211540006817], [0.6544833428262965, 0.17304268017739088, 0.7775104321883771, 0.8622793436042413, 0.09083790679245474, 0.9668259694435659, 0.10164009523951079, 0.42510403905781646, 0.3829883703536471, 0.2795483322476682, 0.5310218459015638, 0.28265529135107137, 0.879506834859609, 0.1650742288929039, 0.19310436845697931, 0.6604084463161859, 0.4991040579141163, 0.20650043660544448, 0.874762657862682, 0.39746669527340817, 0.6886966511180359, 0.9370244901104003, -19.075213283177064, 27.940462238625376, -10.64575842592936], [0.4434598940237452, 0.1699663289869089, 0.1978077723523305, 0.019219069127643817, 0.3990845839741808, 0.608108774234613, 0.7908937903064696, 0.009579298126459634, 0.9054851095019031, 0.6301760538734007, 0.8823493871838658, 0.7801690411803524, 0.01498945725024714, 0.7869802093135758, 0.7989006993675306, 0.9890286790881145, 0.5647073442914634, 0.294062718664993, 0.5660299416283153, 0.3654178998292982, 0.9619074864865964, 0.6320097987026094, 19.83294140511779, 3.0525663932078713, -16.52884496168778], [0.18302257785316223, 0.06486392164131494, 0.9183581679299786, 0.10367271666202504, 0.09540362768209476, 0.5580869721328132, 0.5369924027089459, 0.6286966761625243, 0.011454158739816922, 0.8612529911500594, 0.08819268754031562, 0.5668113187812808, 0.16879780829074686, 0.303658509338958, 0.512808031951058, 0.46340938502429074, 0.06120161571029148, 0.7045878650778518, 0.867872775426663, 0.8642042470097385, 0.7801500875982333, 0.6967847480026765, 9.632740750246283, -14.822056572279557, 5.3802747942398135], [0.3366951691622889, 0.8678426620493834, 0.15018623329656788, 0.8157022669830062, 0.9891801509670395, 0.9925883733904476, 0.9332080819204998, 0.05488561872266895, 0.7190969297976023, 0.8243292440573272, 0.982429665522241, 0.8077765792078453, 0.5379085334884445, 0.6001531414651252, 0.588886350044477, 0.3919074232706955, 0.10240349400130255, 0.8823131321757776, 0.9511666129532939, 0.24888715570863662, 0.5619138124240506, 0.6295953446522018, -6.587428868589883, 9.323832545447045, -7.5507945600000905], [0.29877000851110125, 0.18004584283159064, 0.2774588483053285, 0.054156482681798845, 0.9557149400146581, 0.3016141085026306, 0.7685182071479232, 0.3903005316579522, 0.9772618087865217, 0.9728804882081891, 0.3877899829942629, 0.5045554659356581, 0.6637371946511355, 0.630294202825487, 0.5638273981388842, 0.31266817796255997, 0.06281805719936151, 0.8356909980337329, 0.6313811274292837, 0.017191808091853167, 0.9093145356337605, 0.805084133638979, 0.43324672206524006, 0.8166810691797534, 0.3322987265240259], [0.9880329642070714, 0.9197929235967135, 0.9063134930011594, 0.2803438613693898, 0.21657740114076873, 0.3598105832697762, 0.8590696887263497, 0.8492101117737181, 0.03700377952824141, 0.6702280161365134, 0.39953894339448837, 0.7145288541642957, 0.9712530629181907, 0.5452271571576729, 0.9672622393104555, 0.8114214344676951, 0.7765784979223818, 0.42126589133609993, 0.7078570794434551, 0.8669761015261569, 0.3090717611573073, 0.0949505110073473, 0.8309847435188021, 0.8271828194308153, 0.3345471142281191], [0.47695684486894574, 0.6464529007915648, 0.48470417124726717, 0.8189359372149575, 0.2649412739922714, 0.7941158968440369, 0.8215448957437702, 0.7297254508293358, 0.6880656303554697, 0.02342380593278215, 0.34162592641645595, 0.5596816620182311, 0.5521743358736168, 0.5208762618191114, 0.9952314352358106, 0.29429540323232484, 0.6200931214201477, 0.47362786245811317, 0.5464981552992763, 0.3816637802754964, 0.9315793124143174, 0.3037559199297549, 0.22825712188475455, 0.36735897177826504, 0.5928152294001657]]